-1.702317047119140625e+01
-1.699100494384765625e+01
-1.697468376159667969e+01
-1.299597263336181641e+01
-1.298490810394287109e+01
-1.227384471893310547e+01
-1.229694271087646484e+01
-1.722665214538574219e+01
-1.697200584411621094e+01
-1.695138359069824219e+01
-1.296561908721923828e+01
-1.072905445098876953e+01
-1.245364284515380859e+01
-1.215053939819335938e+01
-1.221566963195800781e+01
-1.711626052856445312e+01
-1.696319007873535156e+01
-1.694027709960937500e+01
-8.336550712585449219e+00
-1.062579059600830078e+01
-1.235808849334716797e+01
-1.205025863647460938e+01
-1.204439926147460938e+01
-1.698844146728515625e+01
-1.694175148010253906e+01
-1.691372299194335938e+01
-6.226294994354248047e+00
-6.940645694732666016e+00
-8.254863739013671875e+00
-1.053226470947265625e+01
-1.232917881011962891e+01
-1.199646282196044922e+01
-1.190177345275878906e+01
-1.691991996765136719e+01
-1.690946769714355469e+01
-1.401235485076904297e+01
-6.872302532196044922e+00
-8.179162025451660156e+00
-1.043701171875000000e+01
-1.226047611236572266e+01
-1.195597553253173828e+01
-1.218001842498779297e+01
-1.694943046569824219e+01
-1.690237045288085938e+01
-1.688235855102539062e+01
-1.463497734069824219e+01
-1.407082653045654297e+01
-1.394265174865722656e+01
-1.381446552276611328e+01
-6.813434600830078125e+00
-8.102017402648925781e+00
-1.032972717285156250e+01
-1.225419521331787109e+01
-1.206545352935791016e+01
-1.194011116027832031e+01
-1.691387176513671875e+01
-1.688179779052734375e+01
-1.401767635345458984e+01
-1.389295291900634766e+01
-1.374756336212158203e+01
-1.362011432647705078e+01
-6.755266666412353516e+00
-7.951531887054443359e+00
-1.183163166046142578e+01
-1.216477584838867188e+01
-1.227871322631835938e+01
-1.406532382965087891e+01
-1.393192386627197266e+01
-1.381635379791259766e+01
-1.369860744476318359e+01
-1.355761146545410156e+01
-1.342796802520751953e+01
-6.700257301330566406e+00
-7.926921367645263672e+00
-1.004829502105712891e+01
-1.184511280059814453e+01
-1.227353000640869141e+01
-1.234427928924560547e+01
-1.398213195800781250e+01
-1.386924839019775391e+01
-1.373454570770263672e+01
-1.361748790740966797e+01
-1.348835277557373047e+01
-1.336720085144042969e+01
-1.324177360534667969e+01
-6.637284755706787109e+00
-7.844929218292236328e+00
-9.906225204467773438e+00
-1.155135440826416016e+01
-1.214602947235107422e+01
-1.392649269104003906e+01
-1.379074668884277344e+01
-1.367182731628417969e+01
-1.354040718078613281e+01
-1.343009471893310547e+01
-1.317278671264648438e+01
-1.304974651336669922e+01
-6.565764427185058594e+00
-7.751770973205566406e+00
-5.514168262481689453e+00
-5.473732948303222656e+00
-5.476841926574707031e+00
-1.298070430755615234e+01
-6.455103397369384766e+00
-7.675354003906250000e+00
-5.441582679748535156e+00
-5.386580944061279297e+00
-1.313749217987060547e+01
-1.302441883087158203e+01
-5.391313076019287109e+00
-1.282781314849853516e+01
-6.381675243377685547e+00
-7.588697433471679688e+00
-5.370003223419189453e+00
-5.329070091247558594e+00
-5.322465896606445312e+00
-5.310214042663574219e+00
-5.288910388946533203e+00
-5.297503471374511719e+00
-1.294939804077148438e+01
-1.286560630798339844e+01
-5.315743446350097656e+00
-1.279006576538085938e+01
-1.278456497192382812e+01
-6.314090251922607422e+00
-7.499150753021240234e+00
-5.299339294433593750e+00
-5.249234199523925781e+00
-5.246161460876464844e+00
-5.234885692596435547e+00
-5.208576679229736328e+00
-5.218806743621826172e+00
-1.284147357940673828e+01
-1.283101367950439453e+01
-5.234250068664550781e+00
-1.278016090393066406e+01
-1.276622390747070312e+01
-6.289186954498291016e+00
-7.392114162445068359e+00
-5.221779346466064453e+00
-5.174795150756835938e+00
-5.168286800384521484e+00
-5.156230449676513672e+00
-5.141397476196289062e+00
-5.144617557525634766e+00
-1.283833694458007812e+01
-1.282140064239501953e+01
-5.158144474029541016e+00
-1.276393318176269531e+01
-1.276117801666259766e+01
-6.276479244232177734e+00
-7.332818031311035156e+00
-5.150363922119140625e+00
-5.045068264007568359e+00
-5.053781986236572266e+00
-5.058242797851562500e+00
-5.060581684112548828e+00
-5.067828655242919922e+00
-5.064654350280761719e+00
-1.280115985870361328e+01
-5.075268745422363281e+00
-1.274006938934326172e+01
-1.271963310241699219e+01
-6.263885021209716797e+00
-7.254985332489013672e+00
-5.069506168365478516e+00
-4.973886489868164062e+00
-4.978437423706054688e+00
-4.984290122985839844e+00
-4.982378959655761719e+00
-4.993057727813720703e+00
-1.277149295806884766e+01
-5.009518146514892578e+00
-1.381006526947021484e+01
-7.177465915679931641e+00
-4.971667766571044922e+00
-4.910424232482910156e+00
-4.929012775421142578e+00
-4.932253837585449219e+00
-4.919491291046142578e+00
-4.921742439270019531e+00
-1.350387001037597656e+01
-4.928104877471923828e+00
-1.359500217437744141e+01
-1.364812088012695312e+01
-6.257415771484375000e+00
-5.317886352539062500e+00
-4.873925209045410156e+00
-4.867620468139648438e+00
-4.858469486236572266e+00
-4.847483634948730469e+00
-4.846406936645507812e+00
-4.844909667968750000e+00
-5.687813282012939453e+00
-4.859963893890380859e+00
-1.338618373870849609e+01
-1.343065261840820312e+01
-6.252632617950439453e+00
-4.972959995269775391e+00
-4.824310779571533203e+00
-4.798534870147705078e+00
-4.797142028808593750e+00
-4.786422729492187500e+00
-4.775541782379150391e+00
-4.772861003875732422e+00
-4.771349906921386719e+00
-5.696419239044189453e+00
-4.789392948150634766e+00
-1.316992092132568359e+01
-1.322256183624267578e+01
-4.832131862640380859e+00
-8.704710960388183594e+00
-4.728128433227539062e+00
-4.723229408264160156e+00
-4.715301513671875000e+00
-4.699722290039062500e+00
-4.698373794555664062e+00
-4.696846008300781250e+00
-5.702683448791503906e+00
-4.713838100433349609e+00
-1.295698642730712891e+01
-1.300324440002441406e+01
-4.799121856689453125e+00
-4.688960552215576172e+00
-4.651918888092041016e+00
-4.650509834289550781e+00
-4.640777111053466797e+00
-4.625368118286132812e+00
-4.622742652893066406e+00
-4.623568058013916016e+00
-5.708958148956298828e+00
-4.633305072784423828e+00
-1.274359798431396484e+01
-1.280027294158935547e+01
-4.846813201904296875e+00
-4.639271259307861328e+00
-4.577765464782714844e+00
-4.575568675994873047e+00
-4.563588619232177734e+00
-4.553781986236572266e+00
-4.549639225006103516e+00
-4.548089504241943359e+00
-5.712762355804443359e+00
-4.566144466400146484e+00
-1.259123706817626953e+01
-1.261268615722656250e+01
-5.480016231536865234e+00
-4.874384403228759766e+00
-4.597527027130126953e+00
-4.506863117218017578e+00
-4.500834465026855469e+00
-4.493563175201416016e+00
-4.480003356933593750e+00
-4.467509746551513672e+00
-4.469788551330566406e+00
-5.634430408477783203e+00
-4.488377571105957031e+00
-1.256149291992187500e+01
-1.256750965118408203e+01
-5.387586116790771484e+00
-4.753969192504882812e+00
-4.539872646331787109e+00
-4.434512615203857422e+00
-4.421321392059326172e+00
-4.408685684204101562e+00
-4.409135341644287109e+00
-4.406071662902832031e+00
-5.630036354064941406e+00
-4.433261394500732422e+00
-4.422018051147460938e+00
-1.255827331542968750e+01
-5.295456409454345703e+00
-4.752906799316406250e+00
-4.446838378906250000e+00
-4.363068103790283203e+00
-4.347737312316894531e+00
-4.338940620422363281e+00
-4.334520816802978516e+00
-4.332931041717529297e+00
-5.641830444335937500e+00
-4.359708309173583984e+00
-1.251112174987792969e+01
-4.760270118713378906e+00
-4.367275238037109375e+00
-4.287613391876220703e+00
-4.290869712829589844e+00
-4.276838779449462891e+00
-4.262979030609130859e+00
-4.259322643280029297e+00
-4.258469104766845703e+00
-5.654109954833984375e+00
-4.286963462829589844e+00
-4.271661281585693359e+00
-4.769866466522216797e+00
-4.293523311614990234e+00
-4.217858314514160156e+00
-4.206414699554443359e+00
-4.194180011749267578e+00
-4.192401885986328125e+00
-4.189347267150878906e+00
-5.640749931335449219e+00
-4.214572429656982422e+00
-4.210124015808105469e+00
-1.318945217132568359e+01
-5.029902458190917969e+00
-5.033446788787841797e+00
-4.240636825561523438e+00
-4.148176670074462891e+00
-4.140528202056884766e+00
-4.136112213134765625e+00
-4.121867179870605469e+00
-4.118214130401611328e+00
-4.114471912384033203e+00
-5.550323009490966797e+00
-4.139255523681640625e+00
-4.134170532226562500e+00
-1.296100902557373047e+01
-5.059247016906738281e+00
-4.840343475341796875e+00
-4.172692298889160156e+00
-4.076468467712402344e+00
-4.070981979370117188e+00
-4.061195373535156250e+00
-4.055318355560302734e+00
-4.047469615936279297e+00
-4.048418521881103516e+00
-5.454352378845214844e+00
-4.071578502655029297e+00
-4.067751407623291016e+00
-1.273374748229980469e+01
-4.221807003021240234e+00
-4.099545955657958984e+00
-4.006967544555664062e+00
-4.000815868377685547e+00
-3.991637229919433594e+00
-3.982554197311401367e+00
-3.977555036544799805e+00
-3.975890159606933594e+00
-5.359908103942871094e+00
-4.003248691558837891e+00
-3.996186494827270508e+00
-1.250294876098632812e+01
-4.522673606872558594e+00
-4.990728855133056641e+00
-4.030900001525878906e+00
-3.932930946350097656e+00
-3.930755376815795898e+00
-3.919135570526123047e+00
-3.909468173980712891e+00
-3.907056331634521484e+00
-3.906038999557495117e+00
-5.261736392974853516e+00
-3.936282396316528320e+00
-3.926620960235595703e+00
-4.445536613464355469e+00
-4.909497261047363281e+00
-3.959469318389892578e+00
-3.864329814910888672e+00
-3.860136508941650391e+00
-3.850657701492309570e+00
-3.844415664672851562e+00
-3.837363481521606445e+00
-3.834991216659545898e+00
-5.169611454010009766e+00
-3.866014480590820312e+00
-3.857787370681762695e+00
-4.823519229888916016e+00
-3.899992942810058594e+00
-3.796446084976196289e+00
-3.790987253189086914e+00
-3.782233476638793945e+00
-3.772099494934082031e+00
-3.767760992050170898e+00
-3.766030073165893555e+00
-5.081485271453857422e+00
-3.799737691879272461e+00
-3.787078380584716797e+00
-6.916099548339843750e+00
-3.800701141357421875e+00
-3.716369628906250000e+00
-3.687760114669799805e+00
-3.688900232315063477e+00
-3.693177461624145508e+00
-3.692876338958740234e+00
-3.696390628814697266e+00
-3.694000244140625000e+00
-5.133700370788574219e+00
-4.435758113861083984e+00
-3.717139244079589844e+00
-3.845248937606811523e+00
-3.745138883590698242e+00
-3.617503643035888672e+00
-3.621729612350463867e+00
-3.620835065841674805e+00
-3.621757745742797852e+00
-3.625765800476074219e+00
-3.624644756317138672e+00
-5.129927635192871094e+00
-4.361933708190917969e+00
-3.646649360656738281e+00
-1.312218189239501953e+01
-3.755042314529418945e+00
-3.597687244415283203e+00
-3.550500631332397461e+00
-3.557732343673706055e+00
-3.556786060333251953e+00
-3.557626247406005859e+00
-3.559663295745849609e+00
-3.556621551513671875e+00
-5.037768840789794922e+00
-4.291018009185791016e+00
-3.578134298324584961e+00
-1.286047077178955078e+01
-3.889816999435424805e+00
-3.662521362304687500e+00
-3.573059558868408203e+00
-3.514911413192749023e+00
-3.509667873382568359e+00
-3.506194591522216797e+00
-3.487300634384155273e+00
-3.493580579757690430e+00
-3.488078594207763672e+00
-4.957736015319824219e+00
-4.213733196258544922e+00
-3.507288694381713867e+00
-1.259533882141113281e+01
-3.904630184173583984e+00
-3.587727308273315430e+00
-3.510668754577636719e+00
-3.449270486831665039e+00
-3.442873716354370117e+00
-3.436972379684448242e+00
-3.424383878707885742e+00
-3.422687292098999023e+00
-3.419650793075561523e+00
-4.953063488006591797e+00
-3.436544656753540039e+00
-3.438995599746704102e+00
-1.234768772125244141e+01
-3.540882349014282227e+00
-3.425574541091918945e+00
-3.375884771347045898e+00
-3.376595258712768555e+00
-3.370254278182983398e+00
-3.357821702957153320e+00
-3.354234933853149414e+00
-3.350599050521850586e+00
-4.900623321533203125e+00
-3.351332426071166992e+00
-3.370020389556884766e+00
-1.211194801330566406e+01
-3.542870521545410156e+00
-3.352644920349121094e+00
-3.310802221298217773e+00
-3.306329965591430664e+00
-3.298751592636108398e+00
-3.286501646041870117e+00
-3.283671379089355469e+00
-3.282940864562988281e+00
-4.821355819702148438e+00
-3.300144672393798828e+00
-3.471362352371215820e+00
-3.285799026489257812e+00
-3.241816282272338867e+00
-3.238531351089477539e+00
-3.230460643768310547e+00
-3.220645189285278320e+00
-3.218411684036254883e+00
-3.215352773666381836e+00
-3.242626428604125977e+00
-3.213642358779907227e+00
-3.233776092529296875e+00
-3.399921894073486328e+00
-3.215611457824707031e+00
-3.174657821655273438e+00
-3.171390533447265625e+00
-3.165643453598022461e+00
-3.182725667953491211e+00
-3.186000108718872070e+00
-3.178939580917358398e+00
-3.181178569793701172e+00
-3.808519363403320312e+00
-3.164146423339843750e+00
-3.331459283828735352e+00
-3.158207893371582031e+00
-3.131163358688354492e+00
-3.116122961044311523e+00
-3.137516498565673828e+00
-3.407295227050781250e+00
-5.225763320922851562e+00
-5.212762832641601562e+00
-4.574503421783447266e+00
-3.726681709289550781e+00
-3.645225524902343750e+00
-3.312740087509155273e+00
-3.739032983779907227e+00
-3.095400810241699219e+00
-3.114417076110839844e+00
-3.134903669357299805e+00
-4.799883842468261719e+00
-5.111248493194580078e+00
-5.105873584747314453e+00
-4.475190162658691406e+00
-3.647147178649902344e+00
-7.521645069122314453e+00
-3.574069976806640625e+00
-3.295616149902343750e+00
-3.285351037979125977e+00
-3.101594924926757812e+00
-3.119982004165649414e+00
-4.699583530426025391e+00
-4.999529361724853516e+00
-4.989956378936767578e+00
-4.375241279602050781e+00
-3.183988809585571289e+00
-7.289206981658935547e+00
-3.492815494537353516e+00
-3.530155181884765625e+00
-3.525173664093017578e+00
-3.119194984436035156e+00
-3.144804954528808594e+00
-3.161446094512939453e+00
-4.884166717529296875e+00
-4.876863956451416016e+00
-4.275619983673095703e+00
-3.199257612228393555e+00
-7.077424526214599609e+00
-9.804913520812988281e+00
-3.419339895248413086e+00
-3.452806949615478516e+00
-3.494759082794189453e+00
-3.129943609237670898e+00
-3.160970926284790039e+00
-3.177547216415405273e+00
-4.775441646575927734e+00
-4.776827812194824219e+00
-4.765916824340820312e+00
-4.176624298095703125e+00
-3.215953826904296875e+00
-6.909798145294189453e+00
-9.477017402648925781e+00
-3.338579177856445312e+00
-3.321614027023315430e+00
-3.313993453979492188e+00
-3.149488687515258789e+00
-3.174593925476074219e+00
-3.189309835433959961e+00
-4.675344467163085938e+00
-4.659687995910644531e+00
-4.649384021759033203e+00
-4.077262878417968750e+00
-3.224931716918945312e+00
-7.074299812316894531e+00
-9.252687454223632812e+00
-3.261917829513549805e+00
-3.290402173995971680e+00
-3.329779863357543945e+00
-3.156414508819580078e+00
-3.182488203048706055e+00
-4.573042869567871094e+00
-4.549315452575683594e+00
-4.537660121917724609e+00
-3.976675748825073242e+00
-6.736102581024169922e+00
-6.813066959381103516e+00
-9.094345092773437500e+00
-3.186917781829833984e+00
-3.209984779357910156e+00
-3.249733448028564453e+00
-3.170122861862182617e+00
-3.200685977935791016e+00
-3.222928524017333984e+00
-4.435719013214111328e+00
-4.426990032196044922e+00
-3.882722139358520508e+00
-6.674528598785400391e+00
-6.524512290954589844e+00
-8.877111434936523438e+00
-3.208618640899658203e+00
-3.207859754562377930e+00
-3.191065788269042969e+00
-3.208326578140258789e+00
-3.241309404373168945e+00
-4.322678565979003906e+00
-4.318202018737792969e+00
-4.313182830810546875e+00
-3.788214206695556641e+00
-7.699947357177734375e+00
-6.389777660369873047e+00
-3.204714059829711914e+00
-3.224910259246826172e+00
-3.217054367065429688e+00
-3.234543323516845703e+00
-3.262277841567993164e+00
-4.212615489959716797e+00
-4.205018043518066406e+00
-3.299242973327636719e+00
-1.336620044708251953e+01
-6.399221897125244141e+00
-8.217213630676269531e+00
-3.291682720184326172e+00
-3.234238624572753906e+00
-3.218750476837158203e+00
-4.107959747314453125e+00
-4.101212501525878906e+00
-4.091383457183837891e+00
-3.324354648590087891e+00
-7.314048767089843750e+00
-8.753308296203613281e+00
-8.040141105651855469e+00
-4.205176830291748047e+00
-3.231768608093261719e+00
-3.502007246017456055e+00
-3.539162635803222656e+00
-3.993902206420898438e+00
-3.990798234939575195e+00
-3.981493949890136719e+00
-3.347754716873168945e+00
-7.158120632171630859e+00
-7.703965187072753906e+00
-7.832058429718017578e+00
-3.186566352844238281e+00
-3.194762945175170898e+00
-3.217380285263061523e+00
-3.515504837036132812e+00
-3.553384304046630859e+00
-3.883166551589965820e+00
-3.880486011505126953e+00
-3.870434761047363281e+00
-3.367651939392089844e+00
-6.981029033660888672e+00
-7.421742439270019531e+00
-7.540460586547851562e+00
-3.215098381042480469e+00
-3.234033584594726562e+00
-3.479905128479003906e+00
-3.772938728332519531e+00
-3.767453193664550781e+00
-3.757505416870117188e+00
-6.601804733276367188e+00
-8.286822319030761719e+00
-7.215847015380859375e+00
-7.400409698486328125e+00
-3.312196493148803711e+00
-3.258030414581298828e+00
-3.662838697433471680e+00
-3.656531095504760742e+00
-3.649529933929443359e+00
-6.556164264678955078e+00
-8.617810249328613281e+00
-6.911485195159912109e+00
-7.383426666259765625e+00
-3.288774013519287109e+00
-3.285569906234741211e+00
-3.576137304306030273e+00
-3.562515497207641602e+00
-3.539979457855224609e+00
-3.534097909927368164e+00
-3.493250370025634766e+00
-6.396571636199951172e+00
-7.121837615966796875e+00
-6.658999443054199219e+00
-3.311632871627807617e+00
-3.311174154281616211e+00
-3.453673601150512695e+00
-3.462517023086547852e+00
-3.441167593002319336e+00
-3.421270847320556641e+00
-3.435021162033081055e+00
-7.103537082672119141e+00
-7.704172611236572266e+00
-6.466084003448486328e+00
-3.535296440124511719e+00
-3.041587114334106445e+00
-3.530977010726928711e+00
-8.276197433471679688e+00
-3.330699682235717773e+00
-6.101120948791503906e+00
-6.617477893829345703e+00
-6.748599529266357422e+00
-6.258373260498046875e+00
-6.951301574707031250e+00
-3.482803821563720703e+00
-3.513349771499633789e+00
-3.582235097885131836e+00
-1.206965351104736328e+01
-3.516515016555786133e+00
-6.613467216491699219e+00
-6.380256175994873047e+00
-6.408004760742187500e+00
-6.352668762207031250e+00
-6.723612785339355469e+00
-2.886327743530273438e+00
-2.862582921981811523e+00
-2.850622892379760742e+00
-1.169560050964355469e+01
-6.331849098205566406e+00
-6.259495258331298828e+00
-6.155888557434082031e+00
-6.620616436004638672e+00
-6.271982669830322266e+00
-6.514737129211425781e+00
-2.786392688751220703e+00
-5.606961250305175781e+00
-2.812301635742187500e+00
-1.131357002258300781e+01
-7.544798851013183594e+00
-6.129934310913085938e+00
-5.849740505218505859e+00
-5.948458671569824219e+00
-6.387134075164794922e+00
-6.528965473175048828e+00
-5.887318611145019531e+00
-2.683642864227294922e+00
-2.667352914810180664e+00
-2.651217699050903320e+00
-2.692258834838867188e+00
-1.103646850585937500e+01
-6.265117645263671875e+00
-6.103517532348632812e+00
-5.643030166625976562e+00
-2.590834140777587891e+00
2.891080284118652344e+01
2.887795639038085938e+01
2.887238693237304688e+01
2.205915260314941406e+01
2.204828071594238281e+01
2.099814605712890625e+01
2.105498123168945312e+01
2.967029190063476562e+01
2.923711585998535156e+01
2.922408485412597656e+01
2.232498168945312500e+01
1.853810691833496094e+01
2.159569740295410156e+01
2.106889343261718750e+01
2.120067024230957031e+01
2.988070678710937500e+01
2.962131118774414062e+01
2.960420227050781250e+01
1.450815486907958984e+01
1.861048507690429688e+01
2.171417999267578125e+01
2.118083381652832031e+01
2.118729972839355469e+01
3.006294441223144531e+01
2.999073028564453125e+01
2.996430206298828125e+01
1.088389205932617188e+01
1.218571472167968750e+01
1.456998157501220703e+01
1.870859146118164062e+01
2.197311401367187500e+01
2.138725280761718750e+01
2.123252677917480469e+01
3.037954902648925781e+01
3.037219619750976562e+01
2.517438316345214844e+01
1.222819137573242188e+01
1.463696384429931641e+01
1.878856468200683594e+01
2.215481567382812500e+01
2.161275672912597656e+01
2.203337478637695312e+01
3.083323669433593750e+01
3.077146148681640625e+01
3.075947761535644531e+01
2.662503242492675781e+01
2.560495758056640625e+01
2.538887786865234375e+01
2.516173553466796875e+01
1.229898357391357422e+01
1.470181465148925781e+01
1.886290740966796875e+01
2.246544456481933594e+01
2.212230110168457031e+01
2.190653610229492188e+01
3.121371269226074219e+01
3.116596412658691406e+01
2.585692405700683594e+01
2.563357734680175781e+01
2.538211822509765625e+01
2.516392898559570312e+01
1.236657810211181641e+01
1.462875175476074219e+01
2.198640823364257812e+01
2.262498283386230469e+01
2.285919952392578125e+01
2.627187538146972656e+01
2.604062843322753906e+01
2.584274482727050781e+01
2.562948608398437500e+01
2.538270950317382812e+01
2.515713310241699219e+01
1.244096660614013672e+01
1.479319095611572266e+01
1.886808967590332031e+01
2.232757568359375000e+01
2.315788841247558594e+01
2.331294059753417969e+01
2.647776985168457031e+01
2.627145576477050781e+01
2.603426742553710938e+01
2.583065032958984375e+01
2.559237670898437500e+01
2.538022232055664062e+01
2.515945053100585938e+01
1.250101661682128906e+01
1.484965038299560547e+01
1.886565399169921875e+01
2.207935523986816406e+01
2.324461174011230469e+01
2.672919082641601562e+01
2.648718452453613281e+01
2.626611137390136719e+01
2.603185653686523438e+01
2.583835601806640625e+01
2.536760902404785156e+01
2.514822006225585938e+01
1.254474925994873047e+01
1.489099979400634766e+01
1.048900413513183594e+01
1.042729949951171875e+01
1.047822570800781250e+01
2.536820793151855469e+01
1.251624584197998047e+01
1.495899486541748047e+01
1.050586223602294922e+01
1.041834735870361328e+01
2.600205993652343750e+01
2.579705238342285156e+01
1.046390819549560547e+01
2.543412780761718750e+01
1.255538845062255859e+01
1.500694274902343750e+01
1.051952362060546875e+01
1.044567680358886719e+01
1.043663120269775391e+01
1.042090892791748047e+01
1.038674163818359375e+01
1.040860939025878906e+01
2.600440597534179688e+01
2.585598373413085938e+01
1.046850681304931641e+01
2.573480987548828125e+01
2.574572372436523438e+01
1.260667419433593750e+01
1.504900169372558594e+01
1.053450393676757812e+01
1.044061183929443359e+01
1.043872737884521484e+01
1.042473602294921875e+01
1.037967395782470703e+01
1.040523624420166016e+01
2.617038726806640625e+01
2.617148017883300781e+01
1.046013832092285156e+01
2.609987831115722656e+01
2.609368324279785156e+01
1.274738979339599609e+01
1.505456066131591797e+01
1.053462219238281250e+01
1.044583129882812500e+01
1.043669700622558594e+01
1.042085647583007812e+01
1.039909553527832031e+01
1.041032505035400391e+01
2.655885505676269531e+01
2.654661560058593750e+01
1.046192073822021484e+01
2.646034622192382812e+01
2.647777175903320312e+01
1.291707134246826172e+01
1.516714382171630859e+01
1.054686737060546875e+01
1.033299446105957031e+01
1.036085414886474609e+01
1.037480068206787109e+01
1.038917541503906250e+01
1.041399288177490234e+01
1.041666030883789062e+01
2.690811920166015625e+01
1.045331478118896484e+01
2.682551383972167969e+01
2.679327583312988281e+01
1.309714603424072266e+01
1.523487186431884766e+01
1.054321861267089844e+01
1.034684085845947266e+01
1.036115932464599609e+01
1.038328552246093750e+01
1.038860511779785156e+01
1.041626071929931641e+01
2.727071952819824219e+01
1.047558593750000000e+01
2.955769729614257812e+01
1.530401420593261719e+01
1.049633884429931641e+01
1.037208175659179688e+01
1.041735649108886719e+01
1.043403434753417969e+01
1.041572952270507812e+01
1.042528820037841797e+01
2.930391883850097656e+01
1.046321296691894531e+01
2.954373168945312500e+01
2.968748092651367188e+01
1.349962520599365234e+01
1.142217063903808594e+01
1.045711612701416016e+01
1.044780921936035156e+01
1.043714809417724609e+01
1.042241287231445312e+01
1.042475223541259766e+01
1.043112754821777344e+01
1.232185935974121094e+01
1.047917079925537109e+01
2.954091072082519531e+01
2.966732597351074219e+01
1.370511436462402344e+01
1.082935905456542969e+01
1.050440025329589844e+01
1.045616912841796875e+01
1.045779037475585938e+01
1.044344234466552734e+01
1.042865085601806641e+01
1.042735767364501953e+01
1.043377494812011719e+01
1.254015731811523438e+01
1.048928833007812500e+01
2.951860046386718750e+01
2.966546058654785156e+01
1.068904876708984375e+01
1.956065368652343750e+01
1.046570014953613281e+01
1.046447181701660156e+01
1.045106220245361328e+01
1.042524528503417969e+01
1.043211078643798828e+01
1.043856620788574219e+01
1.275898647308349609e+01
1.049249076843261719e+01
2.951517868041992188e+01
2.963514518737792969e+01
1.078858947753906250e+01
1.054253578186035156e+01
1.046642684936523438e+01
1.046801280975341797e+01
1.045537185668945312e+01
1.042947673797607422e+01
1.042822360992431641e+01
1.044021129608154297e+01
1.299027824401855469e+01
1.047799205780029297e+01
2.949352264404296875e+01
2.965435791015625000e+01
1.108102798461914062e+01
1.060106372833251953e+01
1.046583271026611328e+01
1.046555900573730469e+01
1.044734096527099609e+01
1.043427085876464844e+01
1.042934322357177734e+01
1.043589115142822266e+01
1.321560001373291016e+01
1.049396228790283203e+01
2.961414527893066406e+01
2.969355773925781250e+01
1.278188133239746094e+01
1.133388900756835938e+01
1.067965316772460938e+01
1.047211170196533203e+01
1.046258258819580078e+01
1.045538711547851562e+01
1.043306159973144531e+01
1.040786933898925781e+01
1.042368602752685547e+01
1.324868869781494141e+01
1.048388576507568359e+01
3.003307723999023438e+01
3.007673645019531250e+01
1.277309894561767578e+01
1.123293209075927734e+01
1.072116947174072266e+01
1.047425460815429688e+01
1.045744609832763672e+01
1.043688297271728516e+01
1.044307613372802734e+01
1.044596385955810547e+01
1.346346092224121094e+01
1.052831363677978516e+01
1.051116466522216797e+01
3.055867767333984375e+01
1.276367187500000000e+01
1.142977046966552734e+01
1.067526435852050781e+01
1.047774791717529297e+01
1.045530414581298828e+01
1.044397640228271484e+01
1.044353485107421875e+01
1.045016193389892578e+01
1.372470951080322266e+01
1.053277111053466797e+01
3.095937347412109375e+01
1.164184951782226562e+01
1.066657352447509766e+01
1.047597217559814453e+01
1.049497985839843750e+01
1.046458816528320312e+01
1.044021797180175781e+01
1.044163894653320312e+01
1.045014190673828125e+01
1.400232219696044922e+01
1.053860569000244141e+01
1.051045513153076172e+01
1.187174320220947266e+01
1.066588878631591797e+01
1.048226165771484375e+01
1.046896743774414062e+01
1.044823074340820312e+01
1.044893264770507812e+01
1.045190620422363281e+01
1.421476650238037109e+01
1.053322887420654297e+01
1.053272247314453125e+01
3.381397247314453125e+01
1.276234912872314453e+01
1.278490066528320312e+01
1.071883106231689453e+01
1.048811149597167969e+01
1.047910499572753906e+01
1.047286987304687500e+01
1.044648647308349609e+01
1.044793224334716797e+01
1.044906044006347656e+01
1.423071479797363281e+01
1.053070545196533203e+01
1.052840805053710938e+01
3.380708312988281250e+01
1.307755756378173828e+01
1.250219058990478516e+01
1.073859786987304688e+01
1.048789787292480469e+01
1.048445796966552734e+01
1.046955871582031250e+01
1.045923995971679688e+01
1.044946861267089844e+01
1.045737361907958984e+01
1.423121070861816406e+01
1.054179191589355469e+01
1.053694057464599609e+01
3.380057144165039062e+01
1.105736446380615234e+01
1.073215389251708984e+01
1.049285888671875000e+01
1.048750209808349609e+01
1.046809768676757812e+01
1.045471572875976562e+01
1.045240592956542969e+01
1.045918655395507812e+01
1.423484420776367188e+01
1.055058670043945312e+01
1.054277706146240234e+01
3.378150177001953125e+01
1.208562374114990234e+01
1.338127326965332031e+01
1.074919319152832031e+01
1.049054813385009766e+01
1.049009704589843750e+01
1.046943378448486328e+01
1.045413398742675781e+01
1.045303153991699219e+01
1.046172714233398438e+01
1.423502922058105469e+01
1.056270027160644531e+01
1.054745197296142578e+01
1.209688854217529297e+01
1.340454578399658203e+01
1.075192356109619141e+01
1.049647045135498047e+01
1.049035930633544922e+01
1.047528076171875000e+01
1.046936130523681641e+01
1.045507717132568359e+01
1.046004390716552734e+01
1.424303627014160156e+01
1.056506824493408203e+01
1.055355548858642578e+01
1.341419219970703125e+01
1.078817272186279297e+01
1.050385951995849609e+01
1.049392509460449219e+01
1.048071098327636719e+01
1.046344184875488281e+01
1.045669937133789062e+01
1.046357536315917969e+01
1.426172065734863281e+01
1.057822990417480469e+01
1.055363750457763672e+01
1.959666442871093750e+01
1.070292282104492188e+01
1.046315002441406250e+01
1.039166259765625000e+01
1.040691471099853516e+01
1.042516136169433594e+01
1.043625545501708984e+01
1.045851802825927734e+01
1.046353054046630859e+01
1.469158554077148438e+01
1.265920352935791016e+01
1.056138515472412109e+01
1.104646301269531250e+01
1.076187133789062500e+01
1.039482307434082031e+01
1.041321563720703125e+01
1.042265033721923828e+01
1.043754196166992188e+01
1.045544624328613281e+01
1.046425437927246094e+01
1.497838497161865234e+01
1.268870353698730469e+01
1.056057262420654297e+01
3.899139785766601562e+01
1.099496936798095703e+01
1.053135108947753906e+01
1.040068435668945312e+01
1.042861080169677734e+01
1.043804073333740234e+01
1.045293998718261719e+01
1.046518898010253906e+01
1.046835327148437500e+01
1.499676513671875000e+01
1.272718143463134766e+01
1.056494235992431641e+01
3.896026611328125000e+01
1.162766361236572266e+01
1.093328762054443359e+01
1.067014884948730469e+01
1.050318241119384766e+01
1.049311733245849609e+01
1.049491596221923828e+01
1.044895458221435547e+01
1.047452545166015625e+01
1.047011947631835938e+01
1.505240917205810547e+01
1.274644088745117188e+01
1.056136322021484375e+01
3.891435623168945312e+01
1.191406822204589844e+01
1.092420291900634766e+01
1.069477748870849609e+01
1.051412010192871094e+01
1.050021076202392578e+01
1.049437618255615234e+01
1.046736240386962891e+01
1.046825599670410156e+01
1.047144412994384766e+01
1.534823417663574219e+01
1.054410648345947266e+01
1.056484127044677734e+01
3.891915893554687500e+01
1.101047706604003906e+01
1.064655590057373047e+01
1.049987506866455078e+01
1.051513195037841797e+01
1.050103950500488281e+01
1.047397136688232422e+01
1.047545909881591797e+01
1.047675418853759766e+01
1.550025939941406250e+01
1.049850177764892578e+01
1.057228565216064453e+01
3.896002197265625000e+01
1.125247669219970703e+01
1.064224433898925781e+01
1.051821613311767578e+01
1.050994682312011719e+01
1.049832248687744141e+01
1.047118854522705078e+01
1.046827507019042969e+01
1.047912120819091797e+01
1.557890987396240234e+01
1.056925964355468750e+01
1.125781345367431641e+01
1.065029907226562500e+01
1.051643753051757812e+01
1.051197338104248047e+01
1.049838924407958984e+01
1.047886466979980469e+01
1.047785568237304688e+01
1.048108959197998047e+01
1.058670043945312500e+01
1.049544620513916016e+01
1.057714748382568359e+01
1.126270484924316406e+01
1.064644336700439453e+01
1.051997470855712891e+01
1.051549339294433594e+01
1.050954055786132812e+01
1.058203983306884766e+01
1.060007953643798828e+01
1.058972644805908203e+01
1.061133480072021484e+01
1.278329467773437500e+01
1.057325458526611328e+01
1.128500080108642578e+01
1.068633556365966797e+01
1.060578536987304688e+01
1.056723880767822266e+01
1.064914417266845703e+01
1.161127662658691406e+01
1.802451705932617188e+01
1.800255012512207031e+01
1.576425457000732422e+01
1.279273700714111328e+01
1.265712547302246094e+01
1.147734260559082031e+01
1.301815414428710938e+01
1.072226238250732422e+01
1.080502128601074219e+01
1.089334583282470703e+01
1.688127517700195312e+01
1.802396583557128906e+01
1.801643371582031250e+01
1.576777744293212891e+01
1.280105495452880859e+01
2.680029487609863281e+01
1.268345260620117188e+01
1.168330955505371094e+01
1.166190242767333984e+01
1.099686050415039062e+01
1.109487915039062500e+01
1.691759109497070312e+01
1.803234100341796875e+01
1.802184677124023438e+01
1.577913856506347656e+01
1.140076351165771484e+01
2.658202552795410156e+01
1.269967269897460938e+01
1.284805870056152344e+01
1.284753131866455078e+01
1.133425235748291016e+01
1.144640541076660156e+01
1.152516555786132812e+01
1.803895950317382812e+01
1.802375030517578125e+01
1.577951240539550781e+01
1.173328685760498047e+01
2.641031074523925781e+01
3.677811431884765625e+01
1.271746635437011719e+01
1.285448551177978516e+01
1.303367996215820312e+01
1.165235900878906250e+01
1.177969264984130859e+01
1.186040878295898438e+01
1.803100967407226562e+01
1.804899215698242188e+01
1.803267097473144531e+01
1.578121471405029297e+01
1.207730197906494141e+01
2.639946746826171875e+01
3.639292907714843750e+01
1.271612071990966797e+01
1.266827487945556641e+01
1.264742088317871094e+01
1.201938343048095703e+01
1.213593101501464844e+01
1.220254325866699219e+01
1.808185958862304688e+01
1.804648399353027344e+01
1.803208160400390625e+01
1.578039360046386719e+01
1.242491531372070312e+01
2.772432708740234375e+01
3.639778137207031250e+01
1.273998165130615234e+01
1.286379337310791016e+01
1.304147434234619141e+01
1.236235809326171875e+01
1.247667026519775391e+01
1.813878059387207031e+01
1.805599212646484375e+01
1.803577995300292969e+01
1.578543567657470703e+01
2.700735092163085938e+01
2.736070060729980469e+01
3.669672775268554688e+01
1.276089859008789062e+01
1.286548137664794922e+01
1.304920196533203125e+01
1.274027442932128906e+01
1.287620353698730469e+01
1.298807239532470703e+01
1.805126571655273438e+01
1.804266929626464844e+01
1.580460548400878906e+01
2.744661140441894531e+01
2.686262321472167969e+01
3.673360824584960938e+01
1.319031143188476562e+01
1.321783542633056641e+01
1.316741943359375000e+01
1.326137256622314453e+01
1.341165351867675781e+01
1.803353881835937500e+01
1.804273033142089844e+01
1.804965591430664062e+01
1.582132434844970703e+01
3.257867050170898438e+01
2.701657676696777344e+01
1.354136848449707031e+01
1.366150569915771484e+01
1.363808250427246094e+01
1.373617362976074219e+01
1.387930202484130859e+01
1.806964492797851562e+01
1.805055809020996094e+01
1.410819053649902344e+01
5.833941650390625000e+01
2.776605224609375000e+01
3.581290054321289062e+01
1.432695484161376953e+01
1.409386634826660156e+01
1.404776763916015625e+01
1.807124519348144531e+01
1.807066345214843750e+01
1.805617904663085938e+01
1.461600971221923828e+01
3.263893508911132812e+01
3.919587326049804688e+01
3.600202560424804688e+01
1.893797874450683594e+01
1.449616527557373047e+01
1.575113010406494141e+01
1.594884300231933594e+01
1.807422447204589844e+01
1.807489585876464844e+01
1.806233406066894531e+01
1.515620326995849609e+01
3.283965682983398438e+01
3.543045806884765625e+01
3.608602905273437500e+01
1.465498924255371094e+01
1.471904087066650391e+01
1.485140800476074219e+01
1.627432823181152344e+01
1.648191452026367188e+01
1.807583618164062500e+01
1.807846069335937500e+01
1.806199455261230469e+01
1.569660854339599609e+01
3.294857788085937500e+01
3.511154556274414062e+01
3.574047088623046875e+01
1.525812053680419922e+01
1.537736320495605469e+01
1.660288810729980469e+01
1.807875061035156250e+01
1.808397483825683594e+01
1.806748962402343750e+01
3.204105758666992188e+01
4.038121795654296875e+01
3.517857742309570312e+01
3.611880874633789062e+01
1.622756767272949219e+01
1.597067832946777344e+01
1.808097839355468750e+01
1.808230972290039062e+01
1.806321144104003906e+01
3.279209518432617188e+01
4.329422760009765625e+01
3.468251419067382812e+01
3.714260864257812500e+01
1.660319900512695312e+01
1.661776542663574219e+01
1.815275382995605469e+01
1.809882545471191406e+01
1.801586914062500000e+01
1.801922798156738281e+01
1.784052848815917969e+01
3.299357604980468750e+01
3.684362411499023438e+01
3.449073791503906250e+01
1.728064155578613281e+01
1.731145858764648438e+01
1.808892631530761719e+01
1.817115211486816406e+01
1.809196281433105469e+01
1.800243949890136719e+01
1.811132240295410156e+01
3.790567398071289062e+01
4.117959213256835938e+01
3.457161712646484375e+01
1.908860397338867188e+01
1.640598678588867188e+01
1.914071655273437500e+01
4.547370147705078125e+01
1.812491989135742188e+01
3.356250381469726562e+01
3.646845245361328125e+01
3.727213287353515625e+01
3.460783386230468750e+01
3.851658248901367188e+01
1.946780014038085938e+01
1.966132736206054688e+01
2.009492492675781250e+01
6.868460845947265625e+01
1.978033447265625000e+01
3.758939361572265625e+01
3.628782272338867188e+01
3.652203369140625000e+01
3.631472396850585938e+01
3.853509140014648438e+01
1.659400558471679688e+01
1.648949050903320312e+01
1.643630599975585938e+01
6.882034301757812500e+01
3.721302413940429688e+01
3.682203674316406250e+01
3.628342819213867188e+01
3.913212203979492188e+01
3.709148788452148438e+01
3.862283325195312500e+01
1.661518669128417969e+01
3.393928527832031250e+01
1.686500167846679688e+01
6.906458282470703125e+01
4.604027557373046875e+01
3.738033294677734375e+01
3.573376846313476562e+01
3.642274093627929688e+01
3.917700576782226562e+01
4.014317321777343750e+01
3.624304199218750000e+01
1.659984588623046875e+01
1.653449440002441406e+01
1.646978187561035156e+01
1.674897193908691406e+01
6.991118621826171875e+01
3.962366867065429688e+01
3.863545608520507812e+01
3.577515411376953125e+01
1.666717147827148438e+01
1.600399971008300781e+00
2.386394739151000977e+00
3.175883054733276367e+00
4.273466587066650391e+00
4.896128654479980469e+00
1.174424216151237488e-02
5.854866504669189453e-01
1.636638045310974121e+00
2.407850027084350586e+00
3.203573465347290039e+00
4.939757347106933594e+00
-1.005027770996093750e+00
-5.739474296569824219e-01
1.181805692613124847e-02
5.876398086547851562e-01
1.642822861671447754e+00
2.431285381317138672e+00
3.234267234802246094e+00
-1.188319563865661621e+00
-1.005509138107299805e+00
-5.751217603683471680e-01
1.193709019571542740e-02
5.853912830352783203e-01
1.647484660148620605e+00
2.453447580337524414e+00
3.262708187103271484e+00
-1.501649141311645508e+00
-1.336822390556335449e+00
-1.189226984977722168e+00
-1.007266163825988770e+00
-5.797598958015441895e-01
1.216206792742013931e-02
5.847402811050415039e-01
2.476887464523315430e+00
3.296219110488891602e+00
5.507618904113769531e+00
-1.337144494056701660e+00
-1.190686821937561035e+00
-1.008298993110656738e+00
-5.824883580207824707e-01
1.240682695060968399e-02
6.050283908843994141e-01
1.678873419761657715e+00
2.500747680664062500e+00
3.327105283737182617e+00
3.609821796417236328e+00
4.169772148132324219e+00
4.830289840698242188e+00
5.487600326538085938e+00
-1.340221643447875977e+00
-1.192009449005126953e+00
-1.008871078491210938e+00
-5.884161591529846191e-01
1.296680513769388199e-02
5.996368527412414551e-01
1.694096565246582031e+00
2.524749994277954102e+00
3.495596885681152344e+00
4.161444187164306641e+00
4.814061641693115234e+00
5.470561027526855469e+00
-1.343116760253906250e+00
-1.182603240013122559e+00
-5.745161175727844238e-01
1.351845078170299530e-02
6.238977313041687012e-01
2.124628305435180664e+00
2.803695917129516602e+00
3.483028173446655273e+00
4.148070335388183594e+00
4.799462795257568359e+00
5.452399730682373047e+00
-1.346747994422912598e+00
-1.191768050193786621e+00
-1.002909064292907715e+00
-5.812931060791015625e-01
1.410212926566600800e-02
6.344211697578430176e-01
1.429632663726806641e+00
2.118201017379760742e+00
2.794575929641723633e+00
3.470926284790039062e+00
4.129649639129638672e+00
4.784536361694335938e+00
5.436471462249755859e+00
-1.348908305168151855e+00
-1.192542195320129395e+00
-9.997470974922180176e-01
-5.733105540275573730e-01
1.419164054095745087e-02
7.255148887634277344e-01
1.425907135009765625e+00
2.111489295959472656e+00
2.786018610000610352e+00
3.461633682250976562e+00
4.767977237701416016e+00
5.417934894561767578e+00
-1.349415540695190430e+00
-1.192077636718750000e+00
-5.679630041122436523e-01
8.087572496151551604e-06
1.708556413650512695e+00
4.753703594207763672e+00
-1.342384457588195801e+00
-1.193815946578979492e+00
-5.671018362045288086e-01
2.800175547599792480e-01
2.766460418701171875e+00
3.435785055160522461e+00
1.701307535171508789e+00
4.752146720886230469e+00
-1.342525124549865723e+00
-1.194041609764099121e+00
-5.661510229110717773e-01
-2.799323201179504395e-01
2.633732583490200341e-05
2.792817950248718262e-01
5.590666532516479492e-01
8.400042653083801270e-01
2.758836746215820312e+00
3.433750391006469727e+00
1.697141051292419434e+00
4.793972969055175781e+00
5.496704101562500000e+00
-1.343952417373657227e+00
-1.193855881690979004e+00
-5.652922391891479492e-01
-2.790059149265289307e-01
3.257722710259258747e-05
2.785935699939727783e-01
5.571061372756958008e-01
8.373537063598632812e-01
2.768486022949218750e+00
3.465450286865234375e+00
1.691012144088745117e+00
4.847542762756347656e+00
5.554477214813232422e+00
-1.354570746421813965e+00
-1.190919637680053711e+00
-5.637043714523315430e-01
-2.783460915088653564e-01
3.421613655518740416e-05
2.777115702629089355e-01
5.565727949142456055e-01
8.354102373123168945e-01
2.801417350769042969e+00
3.504881858825683594e+00
1.686564803123474121e+00
4.900134086608886719e+00
5.619694709777832031e+00
-1.368129849433898926e+00
-1.196096897125244141e+00
-5.627553462982177734e-01
-2.747991681098937988e-01
-4.499942224356345832e-05
2.757147252559661865e-01
5.545160174369812012e-01
8.333255052566528320e-01
1.111934542655944824e+00
3.542438268661499023e+00
1.680435776710510254e+00
4.953054428100585938e+00
5.670394420623779297e+00
-1.382606506347656250e+00
-1.197975277900695801e+00
-5.609851479530334473e-01
-2.743616998195648193e-01
-4.071902367286384106e-05
2.751714885234832764e-01
5.529357194900512695e-01
8.312393426895141602e-01
3.579764366149902344e+00
1.679350972175598145e+00
5.437227249145507812e+00
-1.199992060661315918e+00
-5.571199059486389160e-01
-2.742371559143066406e-01
2.518847759347409010e-05
2.757880985736846924e-01
5.528765916824340820e-01
8.297188878059387207e-01
3.833806753158569336e+00
1.672939062118530273e+00
5.420339584350585938e+00
6.241977691650390625e+00
-1.415973067283630371e+00
-9.033299684524536133e-01
-2.755787968635559082e-01
6.278244109125807881e-05
2.751456499099731445e-01
5.517696738243103027e-01
8.274898529052734375e-01
1.104531288146972656e+00
1.628700375556945801e+00
1.671012043952941895e+00
5.405733585357666016e+00
6.221577167510986328e+00
-1.433023691177368164e+00
-8.562644124031066895e-01
-5.545876622200012207e-01
-2.748331129550933838e-01
7.774822734063491225e-05
2.745997607707977295e-01
5.506626963615417480e-01
8.255436420440673828e-01
1.101937413215637207e+00
1.652637004852294922e+00
1.668244004249572754e+00
5.387864112854003906e+00
6.205269336700439453e+00
-8.434398770332336426e-01
-1.004048347473144531e+00
-2.743547558784484863e-01
8.905962022254243493e-05
2.741011977195739746e-01
5.490790009498596191e-01
8.237394094467163086e-01
1.099531531333923340e+00
1.676574230194091797e+00
1.664354324340820312e+00
5.373257637023925781e+00
6.183375835418701172e+00
-8.487679362297058105e-01
-5.536060929298400879e-01
-2.736532688140869141e-01
9.688980935607105494e-05
2.735065519809722900e-01
5.478765368461608887e-01
8.213673830032348633e-01
1.096936106681823730e+00
1.701919078826904297e+00
1.657940745353698730e+00
5.356037616729736328e+00
6.171536445617675781e+00
-8.685339093208312988e-01
-5.551217198371887207e-01
-2.729535102844238281e-01
9.842356666922569275e-05
2.726198732852935791e-01
5.467679500579833984e-01
8.194193840026855469e-01
1.093777179718017578e+00
1.726559638977050781e+00
1.656292200088500977e+00
5.364588737487792969e+00
6.164530754089355469e+00
-1.326274514198303223e+00
-8.852736949920654297e-01
-5.576405525207519531e-01
-2.724321484565734863e-01
9.894426329992711544e-05
2.721683979034423828e-01
5.453733801841735840e-01
8.157725930213928223e-01
1.089866399765014648e+00
1.726597547531127930e+00
1.650717973709106445e+00
5.426640987396240234e+00
6.228261470794677734e+00
-1.322194814682006836e+00
-8.756151795387268066e-01
-5.583363175392150879e-01
-2.718220651149749756e-01
2.715713977813720703e-01
5.442632436752319336e-01
8.165129423141479492e-01
1.089523196220397949e+00
1.749832391738891602e+00
1.653553843498229980e+00
1.929717540740966797e+00
6.312095165252685547e+00
-1.318115830421447754e+00
-8.880919814109802246e-01
-5.547491312026977539e-01
-2.712575197219848633e-01
2.708765566349029541e-01
5.433434844017028809e-01
8.145643472671508789e-01
1.087302803993225098e+00
1.778924703598022461e+00
1.650222897529602051e+00
6.379175186157226562e+00
-1.203596115112304688e+00
-5.529845356941223145e-01
-2.705588340759277344e-01
1.468783884774893522e-04
2.704730629920959473e-01
5.418530106544494629e-01
8.124735951423645020e-01
1.084705591201782227e+00
1.809893608093261719e+00
1.647171735763549805e+00
1.920322179794311523e+00
-1.223592400550842285e+00
-5.516770482063293457e-01
-2.700837850570678711e-01
2.699716389179229736e-01
5.410271883010864258e-01
8.112300038337707520e-01
1.082482457160949707e+00
1.832660317420959473e+00
1.642716050148010254e+00
1.920026540756225586e+00
6.929578304290771484e+00
-1.308821320533752441e+00
-9.818906784057617188e-01
-5.530130267143249512e-01
-2.696091532707214355e-01
1.375152205582708120e-04
2.694690823554992676e-01
5.397250056266784668e-01
8.092799186706542969e-01
1.079696536064147949e+00
1.830587983131408691e+00
1.638542413711547852e+00
1.914837718009948730e+00
6.912891864776611328e+00
-1.336900234222412109e+00
-9.588984251022338867e-01
-5.527080297470092773e-01
-2.690019309520721436e-01
1.473315351177006960e-04
2.687734663486480713e-01
5.391840338706970215e-01
8.076115846633911133e-01
1.078223466873168945e+00
1.826639890670776367e+00
1.636610150337219238e+00
1.912256836891174316e+00
6.896576404571533203e+00
-8.506733179092407227e-01
-5.512207746505737305e-01
-2.685280144214630127e-01
1.547980646137148142e-04
2.681723833084106445e-01
5.377858877182006836e-01
8.060840964317321777e-01
1.076000094413757324e+00
1.823160767555236816e+00
1.634396672248840332e+00
1.909024953842163086e+00
6.878025531768798828e+00
-1.233751654624938965e+00
-1.019182443618774414e+00
-5.508252978324890137e-01
-2.678762376308441162e-01
1.618669775780290365e-04
2.676208019256591797e-01
5.365780591964721680e-01
8.044146895408630371e-01
1.073963403701782227e+00
1.819212794303894043e+00
1.632743835449218750e+00
1.905791640281677246e+00
-1.232249975204467773e+00
-1.018737196922302246e+00
-5.497937798500061035e-01
-2.674480080604553223e-01
1.662951981415972114e-04
2.672134041786193848e-01
5.362262725830078125e-01
8.028861284255981445e-01
1.071550130844116211e+00
1.816435098648071289e+00
1.629688501358032227e+00
1.902884244918823242e+00
-1.017329454421997070e+00
-5.504023432731628418e-01
-2.670646011829376221e-01
1.739082363201305270e-04
2.668058872222900391e-01
5.348264575004577637e-01
8.013577461242675781e-01
1.069700598716735840e+00
1.815062403678894043e+00
1.628315567970275879e+00
1.898997306823730469e+00
3.990847110748291016e+00
-8.176997900009155273e-01
-5.336089730262756348e-01
-2.638864219188690186e-01
8.387445268454030156e-05
2.648462057113647461e-01
5.323787927627563477e-01
7.998292446136474609e-01
1.067475557327270508e+00
1.865010499954223633e+00
1.936204910278320312e+00
1.896416068077087402e+00
-8.410404920578002930e-01
-5.468829870223999023e-01
-2.634142637252807617e-01
9.462629532208666205e-05
2.642441689968109131e-01
5.313594341278076172e-01
7.980164289474487305e-01
1.065436601638793945e+00
1.896915912628173828e+00
1.936796069145202637e+00
1.892528414726257324e+00
7.848620891571044922e+00
-8.356512784957885742e-01
-5.347378253936767578e-01
-2.630326747894287109e-01
1.155638237833045423e-04
2.641257643699645996e-01
5.311006903648376465e-01
7.971941232681274414e-01
1.063773393630981445e+00
1.895542621612548828e+00
1.938788175582885742e+00
1.889619350433349609e+00
7.827461242675781250e+00
-1.174408316612243652e+00
-8.295761942863464355e-01
-5.403596758842468262e-01
-2.649132907390594482e-01
1.899520430015400052e-04
2.650736570358276367e-01
5.298895239830017090e-01
7.963710427284240723e-01
1.061921596527099609e+00
1.898855447769165039e+00
1.937976360321044922e+00
1.885404348373413086e+00
7.803693294525146484e+00
-1.199919223785400391e+00
-8.273496627807617188e-01
-5.405150651931762695e-01
-2.646653950214385986e-01
2.016583748627454042e-04
2.645666599273681641e-01
5.298203825950622559e-01
7.944154739379882812e-01
1.060069203376770020e+00
1.931931257247924805e+00
1.607422590255737305e+00
1.882493734359741211e+00
7.790347576141357422e+00
-8.319959640502929688e-01
-5.372093319892883301e-01
-2.638408541679382324e-01
2.219474554294720292e-04
2.642529904842376709e-01
5.291794538497924805e-01
7.934509515762329102e-01
1.058593153953552246e+00
1.947195291519165039e+00
1.597635269165039062e+00
1.880236506462097168e+00
7.784448146820068359e+00
-8.479140400886535645e-01
-5.359987616539001465e-01
-2.637701630592346191e-01
2.206530625699087977e-04
2.636976242065429688e-01
5.280630588531494141e-01
7.914940118789672852e-01
1.056927442550659180e+00
1.953320741653442383e+00
1.876346468925476074e+00
-8.467884063720703125e-01
-5.354270339012145996e-01
-2.632573843002319336e-01
2.270704135298728943e-04
2.632376551628112793e-01
5.275166034698486328e-01
7.908109426498413086e-01
1.055261731147766113e+00
1.335578322410583496e+00
1.591516852378845215e+00
1.874413728713989258e+00
-8.456634283065795898e-01
-5.343089699745178223e-01
-2.628781199455261230e-01
2.349720598431304097e-04
2.630680203437805176e-01
5.317313671112060547e-01
7.984810471534729004e-01
1.064115405082702637e+00
1.336305975914001465e+00
1.926059126853942871e+00
1.870522618293762207e+00
-8.457752466201782227e-01
-5.352864861488342285e-01
-2.644061148166656494e-01
2.953268704004585743e-04
2.661474049091339111e-01
5.818520188331604004e-01
1.344877958297729492e+00
1.789245128631591797e+00
1.966065287590026855e+00
1.924123525619506836e+00
-1.258364200592041016e+00
-8.581203818321228027e-01
-6.447550058364868164e-01
-2.666439116001129150e-01
5.555679090321063995e-04
2.718465328216552734e-01
8.416971564292907715e-01
1.342643141746520996e+00
1.787771582603454590e+00
1.963281273841857910e+00
1.922186732292175293e+00
4.648619651794433594e+00
-1.258890867233276367e+00
-8.714278936386108398e-01
-5.795994997024536133e-01
-2.725180089473724365e-01
2.764773964881896973e-01
8.421085476875305176e-01
1.341115832328796387e+00
1.785361051559448242e+00
1.961435556411743164e+00
1.713590621948242188e+00
4.603631496429443359e+00
-1.258313298225402832e+00
-9.530413150787353516e-01
-6.345922946929931641e-01
-2.798103988170623779e-01
1.254304545000195503e-03
2.868324220180511475e-01
1.339447498321533203e+00
1.782760262489318848e+00
1.958415985107421875e+00
1.759601116180419922e+00
4.567122459411621094e+00
7.266505718231201172e+00
-1.258105874061584473e+00
-9.520552158355712891e-01
-6.424022316932678223e-01
-2.866596579551696777e-01
1.616487279534339905e-03
2.948096990585327148e-01
8.943600654602050781e-01
1.338200807571411133e+00
1.780910372734069824e+00
1.955630302429199219e+00
1.807293176651000977e+00
4.558348178863525391e+00
7.180163383483886719e+00
-1.256061315536499023e+00
-9.373250007629394531e-01
-6.232501268386840820e-01
-2.946178317070007324e-01
2.002931898459792137e-03
3.029329478740692139e-01
8.955310583114624023e-01
1.335964441299438477e+00
1.778121232986450195e+00
1.952609658241271973e+00
1.855267405509948730e+00
4.777330398559570312e+00
7.170524120330810547e+00
-1.256404519081115723e+00
-9.498081803321838379e-01
-6.408055424690246582e-01
-3.019984960556030273e-01
2.372016431763768196e-03
8.969882726669311523e-01
1.334717035293579102e+00
1.775894641876220703e+00
1.950292587280273438e+00
3.979133367538452148e+00
4.708515644073486328e+00
7.218228816986083984e+00
-1.256565332412719727e+00
-9.485483169555664062e-01
-6.402356624603271484e-01
-3.101778626441955566e-01
2.803530776873230934e-03
3.216546177864074707e-01
1.332478046417236328e+00
1.774042487144470215e+00
1.949848294258117676e+00
4.037491798400878906e+00
4.617184162139892578e+00
7.215289115905761719e+00
-1.295488238334655762e+00
-6.472264528274536133e-01
-3.194656074047088623e-01
3.219333710148930550e-03
3.317671418190002441e-01
8.893252015113830566e-01
1.329956173896789551e+00
1.772190451622009277e+00
1.949169397354125977e+00
4.778100967407226562e+00
4.636795520782470703e+00
-1.326878786087036133e+00
-6.670588254928588867e-01
-3.297287225723266602e-01
3.730337368324398994e-03
3.429475426673889160e-01
1.330122709274291992e+00
1.769959688186645508e+00
1.739190816879272461e+00
8.512999534606933594e+00
4.757883071899414062e+00
7.016896247863769531e+00
-6.972759962081909180e-01
-3.396371901035308838e-01
4.065953660756349564e-03
8.888034224510192871e-01
1.328448414802551270e+00
1.768106937408447266e+00
1.798276662826538086e+00
4.774242401123046875e+00
6.687356948852539062e+00
7.044486045837402344e+00
-9.114680886268615723e-01
-3.483032882213592529e-01
5.890741944313049316e-03
3.934447765350341797e-01
8.877803087234497070e-01
1.327056407928466797e+00
1.766439914703369141e+00
1.861112952232360840e+00
4.797268390655517578e+00
6.041958332061767578e+00
7.051596164703369141e+00
-1.068137884140014648e+00
-7.137167453765869141e-01
-3.559067547321319580e-01
6.450569722801446915e-03
4.061772227287292480e-01
8.867557048797607422e-01
1.325663328170776367e+00
1.764208555221557617e+00
1.923948407173156738e+00
4.807114124298095703e+00
5.980644702911376953e+00
6.976039409637451172e+00
-7.379220724105834961e-01
-3.673669099807739258e-01
6.801643408834934235e-03
8.858259320259094238e-01
1.324412107467651367e+00
1.762541174888610840e+00
3.889963388442993164e+00
5.875267028808593750e+00
5.984592914581298828e+00
7.040861606597900391e+00
-7.820717096328735352e-01
-3.803340494632720947e-01
8.848947882652282715e-01
1.322735071182250977e+00
1.760119795799255371e+00
3.975776195526123047e+00
6.288920402526855469e+00
5.894233226776123047e+00
7.230424880981445312e+00
-7.986273169517517090e-01
-3.944982290267944336e-01
8.455176837742328644e-03
4.447144567966461182e-01
8.807244300842285156e-01
1.316666841506958008e+00
1.736658096313476562e+00
3.995491504669189453e+00
5.351780891418457031e+00
5.855105400085449219e+00
-8.291158080101013184e-01
-4.096813797950744629e-01
8.385677821934223175e-03
4.459973573684692383e-01
8.834133744239807129e-01
1.313997030258178711e+00
1.760725855827331543e+00
4.580542564392089844e+00
5.970421314239501953e+00
5.862310886383056641e+00
-9.119721651077270508e-01
-3.888287544250488281e-01
9.505121037364006042e-03
2.209288835525512695e+00
1.321381211280822754e+00
3.240054607391357422e+00
4.403373718261718750e+00
5.401751995086669922e+00
5.862011432647705078e+00
7.471057415008544922e+00
-9.285264611244201660e-01
-4.616797268390655518e-01
1.051902491599321365e-02
1.689432144165039062e+00
9.632824063301086426e-01
2.722449779510498047e+00
3.497838497161865234e+00
4.405273437500000000e+00
6.142662048339843750e+00
7.466985702514648438e+00
-1.195115208625793457e+00
-7.898982167243957520e-01
-3.887037932872772217e-01
1.691159605979919434e+00
2.692734479904174805e+00
3.545580148696899414e+00
4.372481346130371094e+00
5.658106803894042969e+00
6.267008781433105469e+00
7.476689815521240234e+00
-1.195371985435485840e+00
-7.814354300498962402e-01
7.078799419105052948e-03
1.695509791374206543e+00
2.230040550231933594e+00
2.702104091644287109e+00
3.437952995300292969e+00
4.384694099426269531e+00
5.658972263336181641e+00
6.771840095520019531e+00
7.012372016906738281e+00
-1.193155884742736816e+00
-7.904093265533447266e-01
-3.886680305004119873e-01
6.955377757549285889e-03
1.714751720428466797e+00
1.918264627456665039e+00
2.789780139923095703e+00
3.438725709915161133e+00
-1.196711540222167969e+00
