3.476955413818359375e+01
2.475304222106933594e+01
2.461189460754394531e+01
2.723161315917968750e+01
2.449436569213867188e+01
2.442894363403320312e+01
2.421801948547363281e+01
9.847034454345703125e+00
2.379984855651855469e+01
2.969700241088867188e+01
9.701239585876464844e+00
1.009768962860107422e+01
9.556082725524902344e+00
9.958941459655761719e+00
2.305774307250976562e+01
1.004933643341064453e+01
9.423934936523437500e+00
1.091845607757568359e+01
9.295000076293945312e+00
1.075782966613769531e+01
9.164274215698242188e+00
9.422378540039062500e+00
1.060681152343750000e+01
9.042418479919433594e+00
9.300074577331542969e+00
1.044536113739013672e+01
8.906787872314453125e+00
9.142563819885253906e+00
1.028795719146728516e+01
8.792067527770996094e+00
9.031130790710449219e+00
1.012412834167480469e+01
8.686579704284667969e+00
8.904436111450195312e+00
9.940749168395996094e+00
8.617376327514648438e+00
8.814184188842773438e+00
9.855198860168457031e+00
8.579854011535644531e+00
2.595075988769531250e+01
8.535676002502441406e+00
8.668444633483886719e+00
9.423926353454589844e+00
8.491302490234375000e+00
9.280548095703125000e+00
8.646885871887207031e+00
9.154428482055664062e+00
9.172385215759277344e+00
8.495264053344726562e+00
8.609380722045898438e+00
2.484846305847167969e+01
9.030022621154785156e+00
8.442338943481445312e+00
8.585383415222167969e+00
2.472224044799804688e+01
8.423322677612304688e+00
8.573389053344726562e+00
2.457586669921875000e+01
6.653696537017822266e+00
8.399977684020996094e+00
2.440249252319335938e+01
8.583302497863769531e+00
8.383057594299316406e+00
2.410799789428710938e+01
8.434723854064941406e+00
8.361307144165039062e+00
2.391636657714843750e+01
8.286317825317382812e+00
8.347763061523437500e+00
8.432108879089355469e+00
8.141593933105468750e+00
8.330419540405273438e+00
8.249545097351074219e+00
1.607097244262695312e+01
6.613889217376708984e+00
8.300498962402343750e+00
1.399046134948730469e+01
1.579221153259277344e+01
6.204236984252929688e+00
1.392710971832275391e+01
1.552646541595458984e+01
6.151190757751464844e+00
1.527715301513671875e+01
6.024528026580810547e+00
5.936805248260498047e+00
6.093652248382568359e+00
1.502616405487060547e+01
5.827789306640625000e+00
6.068727016448974609e+00
5.792434692382812500e+00
5.790237903594970703e+00
6.067313194274902344e+00
-5.676209259033203125e+01
-4.096218872070312500e+01
-4.127739715576171875e+01
-4.567372131347656250e+01
-4.162073898315429688e+01
-4.205889892578125000e+01
-4.225207901000976562e+01
-1.749202537536621094e+01
-4.208159637451171875e+01
-5.251480865478515625e+01
-1.746639633178710938e+01
-1.818175315856933594e+01
-1.743964385986328125e+01
-1.817632484436035156e+01
-4.192116546630859375e+01
-1.856597328186035156e+01
-1.743453407287597656e+01
-2.043524360656738281e+01
-1.743373107910156250e+01
-2.042382431030273438e+01
-1.743540000915527344e+01
-1.793008422851562500e+01
-2.041989898681640625e+01
-1.744512557983398438e+01
-1.795343208312988281e+01
-2.040262031555175781e+01
-1.743433189392089844e+01
-1.789986801147460938e+01
-2.037345504760742188e+01
-1.744787788391113281e+01
-1.793403053283691406e+01
-2.034672355651855469e+01
-1.749398612976074219e+01
-1.793715858459472656e+01
-2.026893424987792969e+01
-1.760580635070800781e+01
-1.801278114318847656e+01
-2.037905502319335938e+01
-1.777678680419921875e+01
-5.356843566894531250e+01
-1.796133041381835938e+01
-1.824692916870117188e+01
-1.984254264831542969e+01
-1.812536048889160156e+01
-1.982397651672363281e+01
-1.874821090698242188e+01
-1.984951019287109375e+01
-2.015089416503906250e+01
-1.869147491455078125e+01
-1.894963836669921875e+01
-5.447079467773437500e+01
-2.014323806762695312e+01
-1.885948562622070312e+01
-1.918584251403808594e+01
-5.502790069580078125e+01
-1.910756874084472656e+01
-1.946398925781250000e+01
-5.555244064331054688e+01
-1.535118007659912109e+01
-1.936114311218261719e+01
-5.605392074584960938e+01
-2.006333732604980469e+01
-1.961768150329589844e+01
-5.623113632202148438e+01
-2.004216194152832031e+01
-1.988853263854980469e+01
-5.670767593383789062e+01
-2.000933647155761719e+01
-2.017674636840820312e+01
-2.038953971862792969e+01
-1.998280334472656250e+01
-2.046360969543457031e+01
-2.027674293518066406e+01
-3.940643310546875000e+01
-1.653576469421386719e+01
-2.073757934570312500e+01
-3.487425231933593750e+01
-3.938761520385742188e+01
-1.578715705871582031e+01
-3.528157043457031250e+01
-3.935774612426757812e+01
-1.593420600891113281e+01
-3.938653182983398438e+01
-1.585065555572509766e+01
-1.563837528228759766e+01
-1.605652618408203125e+01
-3.942943572998046875e+01
-1.561972522735595703e+01
-1.652731704711914062e+01
-1.579827690124511719e+01
-1.580108642578125000e+01
-1.656847763061523438e+01
-3.123775959014892578e+00
-3.357524871826171875e+00
-3.371449232101440430e+00
-2.495308637619018555e+00
-3.388032197952270508e+00
-3.412323236465454102e+00
-3.416711568832397461e+00
-1.871796727180480957e+00
-3.391808986663818359e+00
-2.831430673599243164e+00
-1.863044977188110352e+00
-1.456629157066345215e+00
-1.854292154312133789e+00
-1.451593995094299316e+00
-2.245232343673706055e+00
-2.461437702178955078e+00
-1.847962379455566406e+00
-2.702417850494384766e+00
-1.842191219329833984e+00
-2.692429304122924805e+00
-1.836607456207275391e+00
-1.418544650077819824e+00
-2.683833599090576172e+00
-1.832140207290649414e+00
-1.416030645370483398e+00
-2.673378229141235352e+00
-1.825436711311340332e+00
-1.407628297805786133e+00
-2.661988496780395508e+00
-1.821712851524353027e+00
-1.406233429908752441e+00
-2.650601625442504883e+00
-1.821160435676574707e+00
-1.402455091476440430e+00
-2.632931709289550781e+00
-1.827691316604614258e+00
-1.404423356056213379e+00
-2.640148162841796875e+00
-1.840559005737304688e+00
-2.794077634811401367e+00
-1.854362845420837402e+00
-1.414807081222534180e+00
-1.030209064483642578e+00
-1.866485476493835449e+00
-1.026554822921752930e+00
-1.446076273918151855e+00
-1.025152921676635742e+00
-2.582022666931152344e+00
-1.914784908294677734e+00
-1.457855224609375000e+00
-2.810565948486328125e+00
-2.574351549148559570e+00
-1.927094578742980957e+00
-1.472298145294189453e+00
-2.831997156143188477e+00
-1.947607874870300293e+00
-1.489825963973999023e+00
-2.851738691329956055e+00
-1.948602914810180664e+00
-1.968494772911071777e+00
-2.870075464248657227e+00
-2.544820070266723633e+00
-1.989938974380493164e+00
-2.872264146804809570e+00
-2.535751819610595703e+00
-2.012503862380981445e+00
-2.889379024505615234e+00
-2.525518655776977539e+00
-2.036932468414306641e+00
-1.545772552490234375e+00
-2.516215562820434570e+00
-2.061174869537353516e+00
-1.533578038215637207e+00
-1.997525453567504883e+00
-2.074916124343872070e+00
-2.083925008773803711e+00
-2.635774374008178711e+00
-1.991817235946655273e+00
-1.580660223960876465e+00
-2.660738468170166016e+00
-1.985917091369628906e+00
-1.195571184158325195e+00
-1.982927799224853516e+00
-1.975109696388244629e+00
-1.558652758598327637e+00
-1.202157616615295410e+00
-1.980596542358398438e+00
-1.553428649902343750e+00
-2.051175355911254883e+00
-1.567969202995300293e+00
-1.177896499633789062e+00
-8.272489309310913086e-01
