3.198195827797102311e+02
3.234380124117415676e+02
3.302302752619239641e+02
3.311368533582867144e+02
3.367837923178549318e+02
3.433128863810152325e+02
3.497351987943732752e+02
3.415989788856063001e+02
3.560282696654828669e+02
3.580764949734973470e+02
3.480393793179263753e+02
3.489137716557039539e+02
3.544359243038492195e+02
3.553308379752925816e+02
3.686049380740862489e+02
3.622682975407371941e+02
3.608238083067166144e+02
3.706869797061538065e+02
3.671771905109811200e+02
3.771343347474409029e+02
3.736877431885228589e+02
3.742329816179489512e+02
3.833609923731869458e+02
3.799768258036667703e+02
3.807193471335772301e+02
3.897229530723705011e+02
3.863879495907682440e+02
3.868808311989168374e+02
3.956631767699325337e+02
3.924179875469881154e+02
3.931179245174112680e+02
4.019421912547471720e+02
3.988309934297594737e+02
3.992771178923188700e+02
4.079528986738812364e+02
4.051001355261421963e+02
4.054899004142474155e+02
4.139196171881582131e+02
4.112189566656178386e+02
4.253950585374942079e+02
4.178589793747075305e+02
4.180779454625610470e+02
4.198229353587863670e+02
4.238845992989482170e+02
4.256116862082751027e+02
4.306126510574125064e+02
4.315919890014323528e+02
4.379429213244961829e+02
4.366042142070188561e+02
4.367577259231052835e+02
4.489140127382481751e+02
4.438240859699378689e+02
4.426833187005551622e+02
4.428962381500058427e+02
4.547054841425440372e+02
4.488007537604819390e+02
4.492073690248063826e+02
4.604602337487698946e+02
4.502370601892305331e+02
4.550566210978178106e+02
4.663522926207640467e+02
4.612380559536293276e+02
4.609187121566210976e+02
4.718381045124557431e+02
4.671635993083812082e+02
4.671020364046692066e+02
4.776653134222061681e+02
4.728771929105975005e+02
4.730816571050187349e+02
4.731478548002756952e+02
4.785704132253620742e+02
4.790199870654467418e+02
4.787696026214739504e+02
4.864268854648033198e+02
4.810525251501483694e+02
4.850779843355641674e+02
4.910847765402542109e+02
4.921567782555281383e+02
4.857331121357908046e+02
4.965709846124391902e+02
4.975217993714372255e+02
4.916919315732871496e+02
5.030417199821370104e+02
4.972953435505773427e+02
4.970947526152260707e+02
4.975163370214877432e+02
5.087053322238097053e+02
5.027270633739994992e+02
5.093540474568764580e+02
5.085757094725893808e+02
5.084788129086121558e+02
5.094371951422100437e+02
5.217974651160000121e+02
5.428196248965174391e+02
5.425425904854924966e+02
5.205163978053607252e+02
5.422813962166501369e+02
5.420333915011017325e+02
5.417646961017630929e+02
5.582705599970389585e+02
5.414640346598035876e+02
5.202095808321952290e+02
5.578943790092207564e+02
5.354748369911040982e+02
5.575229762038469516e+02
5.351890210217330832e+02
5.188579767325441026e+02
5.804941381339338022e+02
5.571687008945752950e+02
5.808010454953479211e+02
5.568221580927244077e+02
5.803761906216548141e+02
5.564717184595697290e+02
5.342131278329167117e+02
5.799723145569633971e+02
5.561411604083455131e+02
5.339520595652319344e+02
5.795584716468492843e+02
5.557944228403991929e+02
5.336571691476622163e+02
5.791698065996895366e+02
5.554861239848017931e+02
5.334181086227057449e+02
5.787646038455651478e+02
5.551809755243498330e+02
5.331644996638517568e+02
5.783587346774811522e+02
5.549270295856782695e+02
5.329573654674021554e+02
5.780373405587624802e+02
5.547185803732875229e+02
5.181486219135905458e+02
5.544927394162491510e+02
5.325935929806023523e+02
5.115341494348284073e+02
5.542863860980380650e+02
5.113499042180905008e+02
5.323956191117943035e+02
5.111860939591774127e+02
5.764997884554589973e+02
5.539743919344357437e+02
5.322704427371667180e+02
5.175078748536388957e+02
5.761526327417792572e+02
5.537682291004242643e+02
5.321643369173464180e+02
5.173762171949268804e+02
5.536029741362361847e+02
5.320730351236225033e+02
5.172440590206671231e+02
5.730999624861342454e+02
5.534333217772355056e+02
5.171071890790946100e+02
5.751216222036842964e+02
5.532831053686784344e+02
5.169617361149644239e+02
5.747808779766813814e+02
5.531238977924838309e+02
5.168271473375299365e+02
5.744504314405453442e+02
5.529813603014615637e+02
5.316453813537925726e+02
5.741273652985349827e+02
5.528389290567556600e+02
5.313834257608906455e+02
5.149779850207654590e+02
5.722086569303224906e+02
5.526846345383256676e+02
5.350283326782365521e+02
5.148172408319986744e+02
5.498097880911054745e+02
5.348945219712848029e+02
5.146663774254819828e+02
5.281574449832220353e+02
5.145205300130456862e+02
5.708985935909506679e+02
5.491955744757945013e+02
5.280516830906070709e+02
5.143741346521190962e+02
5.489376558013632348e+02
5.707258371172986244e+02
5.488262839239858977e+02
5.274624586578602248e+02
5.067919425988587250e+02
1.000000000000000000e+00
1.000000000000000000e+00
1.000000000000000000e+00
1.000000000000000000e+00
1.000000000000000000e+00
1.000000000000000000e+00
1.000000000000000000e+00
1.000000000000000000e+00
1.000000000000000000e+00
1.000000000000000000e+00
1.000000000000000000e+00
1.000000000000000000e+00
1.000000000000000000e+00
1.000000000000000000e+00
1.000000000000000000e+00
1.000000000000000000e+00
1.000000000000000000e+00
1.000000000000000000e+00
1.000000000000000000e+00
1.000000000000000000e+00
1.000000000000000000e+00
1.000000000000000000e+00
1.000000000000000000e+00
1.000000000000000000e+00
1.000000000000000000e+00
1.000000000000000000e+00
1.000000000000000000e+00
1.000000000000000000e+00
1.000000000000000000e+00
1.000000000000000000e+00
1.000000000000000000e+00
1.000000000000000000e+00
1.000000000000000000e+00
1.000000000000000000e+00
1.000000000000000000e+00
1.000000000000000000e+00
1.000000000000000000e+00
1.000000000000000000e+00
1.000000000000000000e+00
1.000000000000000000e+00
1.000000000000000000e+00
1.000000000000000000e+00
1.000000000000000000e+00
1.000000000000000000e+00
1.000000000000000000e+00
1.000000000000000000e+00
1.000000000000000000e+00
1.000000000000000000e+00
1.000000000000000000e+00
1.000000000000000000e+00
1.000000000000000000e+00
1.000000000000000000e+00
1.000000000000000000e+00
1.000000000000000000e+00
1.000000000000000000e+00
1.000000000000000000e+00
1.000000000000000000e+00
1.000000000000000000e+00
1.000000000000000000e+00
1.000000000000000000e+00
1.000000000000000000e+00
1.000000000000000000e+00
1.000000000000000000e+00
1.000000000000000000e+00
1.000000000000000000e+00
1.000000000000000000e+00
1.000000000000000000e+00
1.000000000000000000e+00
1.000000000000000000e+00
1.000000000000000000e+00
1.000000000000000000e+00
1.000000000000000000e+00
1.000000000000000000e+00
1.000000000000000000e+00
1.000000000000000000e+00
1.000000000000000000e+00
1.000000000000000000e+00
1.000000000000000000e+00
1.000000000000000000e+00
1.000000000000000000e+00
1.000000000000000000e+00
1.000000000000000000e+00
1.000000000000000000e+00
1.000000000000000000e+00
1.000000000000000000e+00
1.000000000000000000e+00
1.000000000000000000e+00
1.000000000000000000e+00
1.000000000000000000e+00
1.000000000000000000e+00
1.000000000000000000e+00
1.000000000000000000e+00
5.561430358886718750e+01
3.986361694335937500e+01
4.017954254150390625e+01
4.455659484863281250e+01
4.052356338500976562e+01
4.096222305297851562e+01
4.115641784667968750e+01
1.645241546630859375e+01
4.098769760131835938e+01
5.138859939575195312e+01
1.642739486694335938e+01
1.713773536682128906e+01
1.640123367309570312e+01
1.713288497924804688e+01
4.082173538208007812e+01
1.752995300292968750e+01
1.639669990539550781e+01
1.939693450927734375e+01
1.639642715454101562e+01
1.938616371154785156e+01
1.639863586425781250e+01
1.688890075683593750e+01
1.938297271728515625e+01
1.640894699096679688e+01
1.691272735595703125e+01
1.936629295349121094e+01
1.639869499206542969e+01
1.685990142822265625e+01
1.933785057067871094e+01
1.641272735595703125e+01
1.689461517333984375e+01
1.931179046630859375e+01
1.645939064025878906e+01
1.689826202392578125e+01
1.923466682434082031e+01
1.657158279418945312e+01
1.697431755065917969e+01
1.934522628784179688e+01
1.674285316467285156e+01
5.245936584472656250e+01
1.692762565612792969e+01
1.720919609069824219e+01
1.879827880859375000e+01
1.709197235107421875e+01
1.878027343750000000e+01
1.771084403991699219e+01
1.880637931823730469e+01
1.911984825134277344e+01
1.765840911865234375e+01
1.791246986389160156e+01
5.336693191528320312e+01
1.911277770996093750e+01
1.782681083679199219e+01
1.814891433715820312e+01
5.392474746704101562e+01
1.807512855529785156e+01
1.842724800109863281e+01
5.445014953613281250e+01
1.432709312438964844e+01
1.832895660400390625e+01
5.495256805419921875e+01
1.903477859497070312e+01
1.858571052551269531e+01
5.513112640380859375e+01
1.901418876647949219e+01
1.885683441162109375e+01
5.560873794555664062e+01
1.898198509216308594e+01
1.914526939392089844e+01
1.935386466979980469e+01
1.895607566833496094e+01
1.943239974975585938e+01
1.924178695678710938e+01
3.833784484863281250e+01
1.551283359527587891e+01
1.970667076110839844e+01
3.382052230834960938e+01
3.832025909423828125e+01
1.476229476928710938e+01
3.422834014892578125e+01
3.829160690307617188e+01
1.490659427642822266e+01
3.832155227661132812e+01
1.482973003387451172e+01
1.461459827423095703e+01
1.502929019927978516e+01
3.836550903320312500e+01
1.459650325775146484e+01
1.550678157806396484e+01
1.477525043487548828e+01
1.477507686614990234e+01
1.553838920593261719e+01
