6.724604438237138027e+01
6.844777167233367265e+01
6.967013211970839848e+01
6.684579660983595772e+01
6.778317558744684845e+01
6.748504993809862640e+01
6.879213368908990844e+01
7.801244872593214552e+01
7.863764682274812401e+01
7.984302312656608080e+01
7.838774387401250010e+01
7.168446510885168266e+01
7.734548530391883503e+01
7.759632699696219049e+01
7.898657837142791038e+01
8.802831023956720458e+01
8.876587897513623204e+01
8.995808313214780583e+01
7.181010177137787309e+01
8.183323760695435567e+01
8.714136827408680119e+01
8.769169317473861724e+01
8.891110582921135119e+01
9.795743797529380004e+01
9.880852095619282238e+01
9.998144051306542224e+01
6.666881293214893844e+01
7.367878124481325131e+01
8.237896743648593656e+01
9.225369726643546642e+01
9.763244208513773970e+01
9.813494293752594899e+01
9.914024570673642245e+01
1.090805690664745811e+02
1.099619244636519824e+02
1.107083927027404968e+02
8.369167475802096590e+01
9.258876719277489542e+01
1.019735867072128315e+02
1.076573718408234157e+02
1.082201127402645398e+02
1.095974165536393343e+02
1.178507665065103822e+02
1.189838164647899958e+02
1.201475548601471672e+02
1.183039377992394634e+02
1.186737856503260247e+02
1.196760796091593591e+02
1.203804553899482954e+02
9.435189159303602935e+01
1.027246555795737066e+02
1.122201710281282629e+02
1.180465411581679263e+02
1.185548734084668894e+02
1.194886138830639624e+02
1.279772958130957363e+02
1.288179049176320632e+02
1.276351367583546192e+02
1.283343037763227414e+02
1.292998912424196760e+02
1.302995766046899178e+02
1.046216148550975049e+02
1.124407780958156593e+02
1.272173437746973406e+02
1.287763090184313626e+02
1.301798731106607647e+02
1.352233329274167488e+02
1.362018685059070435e+02
1.372074523478402170e+02
1.379097575821091084e+02
1.388721743673762035e+02
1.398562919976796195e+02
1.148403859258064017e+02
1.226942414952494573e+02
1.317028381607294989e+02
1.372196458113032520e+02
1.389294954748278030e+02
1.402321550223398390e+02
1.440621852747678986e+02
1.447651564650830665e+02
1.457302407193344038e+02
1.467261066351414911e+02
1.474023379867579706e+02
1.483854662803384770e+02
1.493661780142397220e+02
1.249408031991372212e+02
1.326100382315064223e+02
1.413490405257156795e+02
1.465338723312632681e+02
1.485669464297121465e+02
1.525961654741360292e+02
1.535622707670220848e+02
1.542475482028759188e+02
1.552080239964859913e+02
1.562021335188782132e+02
1.578323886629100627e+02
1.588072671560658762e+02
1.349189098367644419e+02
1.427178497046361372e+02
1.286743105732428205e+02
1.307763661088347646e+02
1.376167481278330058e+02
1.675211650443929159e+02
1.448911235873966916e+02
1.525352064505614464e+02
1.389357902351717939e+02
1.417829255048287962e+02
1.742611743001814943e+02
1.752323829879013601e+02
1.473507801972516518e+02
1.769196067104840040e+02
1.547285731397105906e+02
1.622467713799133833e+02
1.488199886552774842e+02
1.496578358899376440e+02
1.504928013227111592e+02
1.515963177903127246e+02
1.526127853643122307e+02
1.535978492642426545e+02
1.835765734493915033e+02
1.845827660733545486e+02
1.571176026496089264e+02
1.864369037489611003e+02
1.875626902872221820e+02
1.645528104819550776e+02
1.718817171463211082e+02
1.586516993666920712e+02
1.593860516596410548e+02
1.602539124545665743e+02
1.613546784036104782e+02
1.623149237030383176e+02
1.633053908800252145e+02
1.929573703322773213e+02
1.940599958992787322e+02
1.667747354708689898e+02
1.959353718268674811e+02
1.970402295074099754e+02
1.745859778493029921e+02
1.813848592937600017e+02
1.683600814838638371e+02
1.691188293329229850e+02
1.699407935084988708e+02
1.710292229422614980e+02
1.720867505997545379e+02
1.729996712732241235e+02
2.024291412355818522e+02
2.035149184286525212e+02
1.764216611963269656e+02
2.053639085620536946e+02
2.064746185825374596e+02
1.846329434243762933e+02
1.913446978062062271e+02
1.780663444669691842e+02
1.782534133841534754e+02
1.795303892148130274e+02
1.804486196598224410e+02
1.816657683191622539e+02
1.829225354994999293e+02
1.840804560434830819e+02
2.128943827977291505e+02
1.862548297464968812e+02
2.150080017721121237e+02
2.158019154718356560e+02
1.949081634096333175e+02
2.008657525840575602e+02
1.879407563729907906e+02
1.882119656467850461e+02
1.891268909703807992e+02
1.903631557494422566e+02
1.915256673034696178e+02
1.924982259213357736e+02
2.224890528534685927e+02
1.958893139507387957e+02
2.256449389991357179e+02
2.103327441204471597e+02
1.972853815697179414e+02
1.978767804371904333e+02
1.989199556851671105e+02
2.001162806222818347e+02
2.011715908735025948e+02
2.020496032311836814e+02
2.326664715061576203e+02
2.053172484769135906e+02
2.346400361013776319e+02
2.357821538719546766e+02
2.147554770909337378e+02
2.092967724317958584e+02
2.077433187306618549e+02
2.085402638671535556e+02
2.096064834044890688e+02
2.106671754870561131e+02
2.115107050574619336e+02
2.126539187030734013e+02
2.205562780573259545e+02
2.148189875834130476e+02
2.435970663949842674e+02
2.447188382936710127e+02
2.245680647938199002e+02
2.164859344660779072e+02
2.162714291397496709e+02
2.171834618581876555e+02
2.180188057732523532e+02
2.190670403683080849e+02
2.201179283732102760e+02
2.209369754220087145e+02
2.220719471129184228e+02
2.304721748208289966e+02
2.242430866619930612e+02
2.524982219699913912e+02
2.536216628348785491e+02
2.256036405502511002e+02
2.453570853139594590e+02
2.266179583849905441e+02
2.277159731539275072e+02
2.284788753392719514e+02
2.294726656757807746e+02
2.306037330811172978e+02
2.317272353424945948e+02
2.402976287206866175e+02
2.338713015087122074e+02
2.616312639910825055e+02
2.624633797352695410e+02
2.353417116882672246e+02
2.354639374639309892e+02
2.362534400388944391e+02
2.370712700675481983e+02
2.381072972023263787e+02
2.390980973971258834e+02
2.399026342528643170e+02
2.410422579654419053e+02
2.503504009670938615e+02
2.431050736975806785e+02
2.704437357292398474e+02
2.715541319958551298e+02
2.457073073885454164e+02
2.450013768186444736e+02
2.455534019934601133e+02
2.463558996196135809e+02
2.473637960584521807e+02
2.483982662329775337e+02
2.491772022582336490e+02
2.502888843693253023e+02
2.600183981142479297e+02
2.524088191984167224e+02
2.792796041545320236e+02
2.803433378069270248e+02
2.593074750615029416e+02
2.558111026005459507e+02
2.545544614243287072e+02
2.548348792270637091e+02
2.555903674149783171e+02
2.566387511408805722e+02
2.576290532829254403e+02
2.583221927777459541e+02
2.594580283732774433e+02
2.691544784328217474e+02
2.615665503745220803e+02
2.882054957569084763e+02
2.892430018143809889e+02
2.683901485717342439e+02
2.646463508583116209e+02
2.639131853007865516e+02
2.640544515131817320e+02
2.658434609726398890e+02
2.668282009149942837e+02
2.676445849657744702e+02
2.687166204853316458e+02
2.786625554880384357e+02
2.708876260955856310e+02
2.718906563951701969e+02
2.981333890439150878e+02
2.774252917618649690e+02
2.746934971684096922e+02
2.729075820184357895e+02
2.732328849251780980e+02
2.749858173286172018e+02
2.760021596524758820e+02
2.770586845112425181e+02
2.781399004541175941e+02
2.881924821213652876e+02
2.802871968677934547e+02
3.069367823632547925e+02
2.836505052501480577e+02
2.822705320555002686e+02
2.826235295060532167e+02
2.837472175048527561e+02
2.844051137161392830e+02
2.853667288501602002e+02
2.864225926858058529e+02
2.874973391563150926e+02
2.979402349167913258e+02
2.896493267014654975e+02
2.906020019538600536e+02
2.933491967698028589e+02
2.913431959094554031e+02
2.917311547700723509e+02
2.934904753807664406e+02
2.944573569131858903e+02
2.952272327920712769e+02
2.962777168288384360e+02
3.072152306168233622e+02
2.983818132920921471e+02
2.994253657243530142e+02
3.253652720300314058e+02
3.046318305082637607e+02
3.057075189071672412e+02
3.005613798209701031e+02
3.007927885203204141e+02
3.017921274923288593e+02
3.025326440664481993e+02
3.034688651344503114e+02
3.045099546346341413e+02
3.055418927472840664e+02
3.160561108169659406e+02
3.076297779684669536e+02
3.086576895285589330e+02
3.338648788622270445e+02
3.145192049348285082e+02
3.139175196545776885e+02
3.098933686423044946e+02
3.097914599492925163e+02
3.108061780227945405e+02
3.117797797793990640e+02
3.124974848999105461e+02
3.134875979216943733e+02
3.142650804656973946e+02
3.248293525209476229e+02
3.166140809653396104e+02
3.173516983841307706e+02
3.423297645596723555e+02
3.188417215410522090e+02
3.185533510781248197e+02
3.187698202487098911e+02
3.197700323565435951e+02
3.204523351972230785e+02
3.214234057797125388e+02
3.224277142687979563e+02
3.234694651947127682e+02
3.335757905960806511e+02
3.255432354493549951e+02
3.265393314175339015e+02
3.507553363741686212e+02
3.298555470809862413e+02
3.335373028876672947e+02
3.277927514880061608e+02
3.279552123434622786e+02
3.286951345892967993e+02
3.296301190858341101e+02
3.305895927881703074e+02
3.313279174804204104e+02
3.323672342430129447e+02
3.425361146228748908e+02
3.344540006253301385e+02
3.354157445140446043e+02
3.386995222968636199e+02
3.423334287013275912e+02
3.366767836779397385e+02
3.368596912919537090e+02
3.375745519544082072e+02
3.385206257369036962e+02
3.395095087602072681e+02
3.401932854962724946e+02
3.412081483437384577e+02
3.512113428993252455e+02
3.432912056199491531e+02
3.442584845617426481e+02
3.510679197371316604e+02
3.456269264766506808e+02
3.457309578027529255e+02
3.464250424914565087e+02
3.473763919617167062e+02
3.483162710373545679e+02
3.490225541539011260e+02
3.500374063734865899e+02
3.598684870139960026e+02
3.521260004731213371e+02
3.530461549544495483e+02
3.689816137819840947e+02
3.534456448995080109e+02
3.534183164884839812e+02
3.541822410689647995e+02
3.552209657715820299e+02
3.559988884530251880e+02
3.570243909800000210e+02
3.580783648936727559e+02
3.590809590180332407e+02
3.691491665487793625e+02
3.664373510884528287e+02
3.620840362671976891e+02
3.632152740583534865e+02
3.633763694016355998e+02
3.632405919606834459e+02
3.640147790636704599e+02
3.650232646172176487e+02
3.660506457741790314e+02
3.668207496375250685e+02
3.678267034640920770e+02
3.783807090531968811e+02
3.751113925788490064e+02
3.707983927313866275e+02
3.941420070971801124e+02
3.718013538821581392e+02
3.714305111635861181e+02
3.720051282955298007e+02
3.728003986675681176e+02
3.738024258577983687e+02
3.748228282684748933e+02
3.755683682884256882e+02
3.765497812495599419e+02
3.869082691536643779e+02
3.837677419849715079e+02
3.794976578228988160e+02
4.023389844102005100e+02
3.814096014139178692e+02
3.803196372965479668e+02
3.805451618714079700e+02
3.810288819121671509e+02
3.817030863087622379e+02
3.826700427194533063e+02
3.835021517366283206e+02
3.842799757504199647e+02
3.852312298910619575e+02
3.954536560183728966e+02
3.923501632921634723e+02
3.881384547685615303e+02
4.105037689898892381e+02
3.907002156901211265e+02
3.889614157084644148e+02
3.892907608566114845e+02
3.897344323459828956e+02
3.903913856433791238e+02
3.913315916461734787e+02
3.922121426484822564e+02
3.929103480976260130e+02
3.938792405652021102e+02
4.042850682458592360e+02
3.957432524719196181e+02
3.967651284630638315e+02
4.186486813623453713e+02
3.980783168474536637e+02
3.977964088545115828e+02
3.983411507499542381e+02
3.993330681358875722e+02
3.999805123255484887e+02
4.008588298921064279e+02
4.018135408932008659e+02
4.027694474849375865e+02
4.128717750311306531e+02
4.044719326194575615e+02
4.056316721189781447e+02
4.267715084408032453e+02
4.072699375342580197e+02
4.066514149338046309e+02
4.072639466524085492e+02
4.079218668880503742e+02
4.088374666563278197e+02
4.097054101586526826e+02
4.103820962936466117e+02
4.113523606423743786e+02
4.215844733598944458e+02
4.141818161674258931e+02
4.158317525670831856e+02
4.152536063632327341e+02
4.158361955733337822e+02
4.165023191980203023e+02
4.174051528041208030e+02
4.182913332301162086e+02
4.189654497635949042e+02
4.199098501719253136e+02
4.211318613792534507e+02
4.215689795431530911e+02
4.227273587908283048e+02
4.243665734963022942e+02
4.237926104057279417e+02
4.243971381859308849e+02
4.250576605552762999e+02
4.259722748432125172e+02
4.270937268055926097e+02
4.278107579715421025e+02
4.287159806774913591e+02
4.297031421427730606e+02
4.349292656857633688e+02
4.312131407659780962e+02
4.331639648764502795e+02
4.324151277917003995e+02
4.331371721873367733e+02
4.339664475690433960e+02
4.348357839456635361e+02
4.379519738652476235e+02
4.473266685396496882e+02
4.481964008026642432e+02
4.466961011585195251e+02
4.435618473161391080e+02
4.436320343380165241e+02
4.420354633553691883e+02
4.457955721701219431e+02
4.419100867251229374e+02
4.430245322449516152e+02
4.441476747381274208e+02
4.536400292139741737e+02
4.555260764261055328e+02
4.561566406028435381e+02
4.549429790738396946e+02
4.519129359796651784e+02
4.633101927203650234e+02
4.517959877442446555e+02
4.508764057707462030e+02
4.517391383177638318e+02
4.509923991657681768e+02
4.530241190164456384e+02
4.621304029586819411e+02
4.637080977086660027e+02
4.645786377025963247e+02
4.634218383643615766e+02
4.579488913159796653e+02
4.715117618786505886e+02
4.606727356228568055e+02
4.615536922155655475e+02
4.624477699357277061e+02
4.603706034632248816e+02
4.614953991431936515e+02
4.625499277510268143e+02
4.721114022800734347e+02
4.727234405090252949e+02
4.716120198812952822e+02
4.669367536875165001e+02
4.794625425011169568e+02
4.829303582654524121e+02
4.687676553107435780e+02
4.696198561891043255e+02
4.707819750617754835e+02
4.693557798705693358e+02
4.702313548649230484e+02
4.712666568804590952e+02
4.793638507964088831e+02
4.799981280870207456e+02
4.808505959225431639e+02
4.797779598235415506e+02
4.755958833308844760e+02
4.874472424686038607e+02
4.907771861687862156e+02
4.770576128399947606e+02
4.778677890452096904e+02
4.784690544242006354e+02
4.783291705589054459e+02
4.794115443785656794e+02
4.801516091011218919e+02
4.875077963109109191e+02
4.883411897164674542e+02
4.891888749088761870e+02
4.879211810050083500e+02
4.846718230968308490e+02
4.960756236767650762e+02
4.986721039937677347e+02
4.856105267580868485e+02
4.864224470221938077e+02
4.875535626813513090e+02
4.874166375193650538e+02
4.882211896334987955e+02
4.958739339942492848e+02
4.964244398335434880e+02
4.972645980385463531e+02
4.962886677943722020e+02
5.029467795792394327e+02
5.038970751893107263e+02
5.068312282013860113e+02
4.938853358824958946e+02
4.946591844359528523e+02
4.957857806091392376e+02
4.962201701171472337e+02
4.970357936823545515e+02
4.980531165023995186e+02
5.044738878951535526e+02
5.053177337525021358e+02
5.043981489509237690e+02
5.109971895108639046e+02
5.116598772277723697e+02
5.146836330875896692e+02
5.026904090451481011e+02
5.042047093730824372e+02
5.050045375676725143e+02
5.059856097507993127e+02
5.067856444632311650e+02
5.118947539286106689e+02
5.127425109288802787e+02
5.135920394040381325e+02
5.124824120964353824e+02
5.203556409836946841e+02
5.198388365340925930e+02
5.115507580133519809e+02
5.131607689306956672e+02
5.137431657534949636e+02
5.147095155879312642e+02
5.157230492885651074e+02
5.207682125934865098e+02
5.213510316037212533e+02
5.188890928039846813e+02
5.309767076066540312e+02
5.276778203261682165e+02
5.301721266638450061e+02
5.217707721266373255e+02
5.223733963088726568e+02
5.231680093193529046e+02
5.279257198470920684e+02
5.287587116715691309e+02
5.295806156703434908e+02
5.274786390605777342e+02
5.360211067766556425e+02
5.378583937329885885e+02
5.379901329972311714e+02
5.335835441117413893e+02
5.311125473766053346e+02
5.328297069099481860e+02
5.338211850423874694e+02
5.361429797904471570e+02
5.367286202432343316e+02
5.375461407451874720e+02
5.362526253361413637e+02
5.438529819654463608e+02
5.450945596580115762e+02
5.460070580940276841e+02
5.376439395158566867e+02
5.385383050900640001e+02
5.394941533701279468e+02
5.412474491071493503e+02
5.422234533710156938e+02
5.440943408297445103e+02
5.446779421189362438e+02
5.454897329133295898e+02
5.446987949199661898e+02
5.516488110417875532e+02
5.528038070125078320e+02
5.537063861229587474e+02
5.470359648514115634e+02
5.479609381900125982e+02
5.497005241576612207e+02
5.520307280412189357e+02
5.528476209134532837e+02
5.536556275330059407e+02
5.586845441966479484e+02
5.606531674941895744e+02
5.607894809461952264e+02
5.614926237557612012e+02
5.560047544655124057e+02
5.564016946213309893e+02
5.599449867011785500e+02
5.607562579324880971e+02
5.613181903642445150e+02
5.665597661914342780e+02
5.686486116771454817e+02
5.682073664920866349e+02
5.693377051378696478e+02
5.639714571085647776e+02
5.647942185758105325e+02
5.665065839635947214e+02
5.670436746428046035e+02
5.678059040934198265e+02
5.686141012222622066e+02
5.693236441312552643e+02
5.743188921337610964e+02
5.756428576346734189e+02
5.761205797078968089e+02
5.725474662798122836e+02
5.733714006167901971e+02
5.743594302571797243e+02
5.752012752455746067e+02
5.759652178916193179e+02
5.764801644442413817e+02
5.773373876455070786e+02
5.829028607157126771e+02
5.837936670878812038e+02
5.838232854166857351e+02
5.813493476239174242e+02
5.807346844188813293e+02
5.829649621723727932e+02
5.891712534501299388e+02
5.846363027203907450e+02
5.894875502517559198e+02
5.904084427362497536e+02
5.912791514627643892e+02
5.917351991766166748e+02
5.927427726520412534e+02
5.895964291270092872e+02
5.902305202318405009e+02
5.911911980567689398e+02
5.974044018993142799e+02
5.924083926943733331e+02
5.968786662032312051e+02
5.972726689793867081e+02
5.980742775725723277e+02
5.993665361666284070e+02
6.003811993420656563e+02
5.950270006073033073e+02
5.957598753410952668e+02
5.962858721904892718e+02
6.047623737504204655e+02
6.042558520357112002e+02
6.047498736985694450e+02
6.054604941529922826e+02
6.065195561749867466e+02
6.068542135740286767e+02
6.077803916391409302e+02
6.031443941802647259e+02
6.091649504851708343e+02
6.053986915322268487e+02
6.125691832346022920e+02
6.123146489129467227e+02
6.121397951109943278e+02
6.127287256441877616e+02
6.135688674464936412e+02
6.143682360883369711e+02
6.152166579254692351e+02
6.156166800804486456e+02
6.109879989564193465e+02
6.117409487939994506e+02
6.124891712494694502e+02
6.131745721215770573e+02
6.201483041792236008e+02
6.194373287149812768e+02
6.198771582525228041e+02
6.203569618330069488e+02
6.190983976238496780e+02
4.259249205917797099e+02
3.910081675086371433e+02
3.560423493422824777e+02
2.436103282999538919e+02
2.073804853326317357e+02
4.906757627214828403e+02
4.556034836382087292e+02
4.266439982207676280e+02
3.916318815738629269e+02
3.567878668333145811e+02
2.087707065255027032e+02
5.589675166028378044e+02
5.263126290645892595e+02
4.908106697551401112e+02
4.559307647641200560e+02
4.270493084652155176e+02
3.922580476222583457e+02
3.575370537399507498e+02
5.891819508368238303e+02
5.588824726109977519e+02
5.263662098724469161e+02
4.909826671545424688e+02
4.560991355829259533e+02
4.274345396592658517e+02
3.928641827309132282e+02
3.582601987395650553e+02
6.543199285908485763e+02
6.206719473885882508e+02
5.889971639712280194e+02
5.588212687757654749e+02
5.265297189446337143e+02
4.912403162827222332e+02
4.563277068926366269e+02
3.934811761819117351e+02
3.589970742441910829e+02
2.148857466339077575e+02
6.203839629900581940e+02
5.888324536361001265e+02
5.587540485741093335e+02
5.266313665778684481e+02
4.915088096890354450e+02
4.572504632891636334e+02
4.283883556550080698e+02
3.940761956818623730e+02
3.597235162598886973e+02
3.222480178659500893e+02
2.866582968391692816e+02
2.515067259323060114e+02
2.158082773782786035e+02
6.201369522075386840e+02
5.886693814130426290e+02
5.586739075929662022e+02
5.268288888903969109e+02
4.920140043935732024e+02
4.573147807163197172e+02
4.288578399807566370e+02
3.946612305061320285e+02
3.222558012176952502e+02
2.873885682730093549e+02
2.523120806793852182e+02
2.167586472263197948e+02
6.199013482222819675e+02
5.882971051042059116e+02
5.264185265346275173e+02
4.924931937108427746e+02
4.583201758394940839e+02
3.921171387592936526e+02
3.576531149872721471e+02
3.228331397925171586e+02
2.880787288578856078e+02
2.531111208321669039e+02
2.176561809302914696e+02
6.196851679804746027e+02
5.882977932628828057e+02
5.583883635653264719e+02
5.266477579741632553e+02
4.929770075521977901e+02
4.588622770545129015e+02
4.267591367951016537e+02
3.924914478248697378e+02
3.581252128774634116e+02
3.234036717045811997e+02
2.887299576066420173e+02
2.538955597113923943e+02
2.185490099888625366e+02
6.194468185665606370e+02
5.881354996645731035e+02
5.582456527955532692e+02
5.264186863882749776e+02
4.931090462647777599e+02
4.614203166678620391e+02
4.270337206784116688e+02
3.928568970140033230e+02
3.585932687889367685e+02
3.239809903703621217e+02
2.546566132356371099e+02
2.194143769505416799e+02
6.191811908028431617e+02
5.879475010904620831e+02
5.426500711815946261e+02
4.709878952131736014e+02
2.570916920023046259e+02
2.554414820457237738e+02
6.187687200333267583e+02
5.878116474801106506e+02
5.425612757333113905e+02
4.356213210856604974e+02
3.595017547791690617e+02
3.250793730632303209e+02
2.576970046007110113e+02
2.562511459682500004e+02
6.185083668474431988e+02
5.876494996841155398e+02
5.424691705397042369e+02
5.065301001289870442e+02
4.711576592018214455e+02
4.357997263360759348e+02
4.000954400334499041e+02
3.648660662143926743e+02
3.599513561858566959e+02
3.256718851760514895e+02
2.583938639702473097e+02
2.572617232205570872e+02
2.225592706397608538e+02
6.182767651328367720e+02
5.874838899668387739e+02
5.423843550225487888e+02
5.064779714348983362e+02
4.712318996750203155e+02
4.359811099088652782e+02
4.003289059080314019e+02
3.652135202661731910e+02
3.605184365998382532e+02
3.264598415689245030e+02
2.590116131018348256e+02
2.583106160233362516e+02
2.237026004161535582e+02
6.182247893764587161e+02
5.872677550244022768e+02
5.422531731217728748e+02
5.064645594310016463e+02
4.712893135892894634e+02
4.361281928764076383e+02
4.006777159210896002e+02
3.655967267990804999e+02
3.612397963134262682e+02
3.272792244011906178e+02
2.596724321801965516e+02
2.593328032688623921e+02
2.248535409794897930e+02
6.182262616209596899e+02
5.872076310349765436e+02
5.421659405793669748e+02
5.060133995782193779e+02
4.710552949946611534e+02
4.360943068314540483e+02
4.008903779093846538e+02
3.659785514257209229e+02
3.309008727893559012e+02
3.280713200726989953e+02
2.602836038385340203e+02
2.603601252841816631e+02
2.259228699607515694e+02
6.182372940601646860e+02
5.870917285866657949e+02
5.420243662369996400e+02
5.060347063225199236e+02
4.711212805426988552e+02
4.362943041713798493e+02
4.011492524756255307e+02
3.663368225871701611e+02
3.288635568710650432e+02
2.610356508383323444e+02
2.630905694118720817e+02
5.869824924626551592e+02
5.417433114283205668e+02
5.061003452480634337e+02
4.714093249597545991e+02
4.366655873273861062e+02
4.015215234857431028e+02
3.667217008970316101e+02
3.307359688034655392e+02
2.615886526684840305e+02
2.637554244713480216e+02
2.297418938380311602e+02
6.183432196653997153e+02
5.792343159516774449e+02
5.063882096612323949e+02
4.715935566812771640e+02
4.368336773939426507e+02
4.017975830900125516e+02
3.670572945446430140e+02
3.322775464185639862e+02
3.054004178984604891e+02
2.622865363906661287e+02
2.644169626345047277e+02
2.304779144456059896e+02
6.183968289655302897e+02
5.773800056311173421e+02
5.415342567269570964e+02
5.063586535447082611e+02
4.716965410237428387e+02
4.370134338149955511e+02
4.020689833863994522e+02
3.674012532475728108e+02
3.327110923064308849e+02
3.066955217521353916e+02
2.629402483714742402e+02
2.650547041239580608e+02
2.312142409200599218e+02
5.767535375804193336e+02
5.575677941863440310e+02
5.063691797786238453e+02
4.717879940679306969e+02
4.371965048701616752e+02
4.022931246423894436e+02
3.677598161521975157e+02
3.331619636039152397e+02
3.079543166798956690e+02
2.635650472269932720e+02
2.657130709107436246e+02
2.319179416598645105e+02
5.768532194781098497e+02
5.414344306852187856e+02
5.063473711298864828e+02
4.718650548648319614e+02
4.373681152906877401e+02
4.025550054927669521e+02
3.680636394636721320e+02
3.335780399954606992e+02
3.092342548125928943e+02
2.640668226036009401e+02
2.663289890930823276e+02
2.326655994927943141e+02
5.775042844904804724e+02
5.415225699875596774e+02
5.063230181582676437e+02
4.719181005241980529e+02
4.374820677025768987e+02
4.028088002638196485e+02
3.683853200724545331e+02
3.339571663130874981e+02
3.104416976697769996e+02
2.647222776042680721e+02
2.670297841954083538e+02
2.333938481752178973e+02
6.156305521063281958e+02
5.780096668743659620e+02
5.416766791072825526e+02
5.063251645029729389e+02
4.719689010135672902e+02
4.376613864028236662e+02
4.030320718738836376e+02
3.685964710811372242e+02
3.342916653033205989e+02
3.110161034165782894e+02
2.652283925841738323e+02
2.679156168087541801e+02
2.343451582432445548e+02
6.153495377254738514e+02
5.775527480118505537e+02
5.417093942845058336e+02
5.063132956725630152e+02
4.378135904825198850e+02
4.032749338183075452e+02
3.690694217319748418e+02
3.347884804713312406e+02
3.121459378269288436e+02
2.660170606869941707e+02
2.312164073884746074e+02
2.353426850605150094e+02
6.150729960829294214e+02
5.778965656177737173e+02
5.414604085961548208e+02
5.063077060195804506e+02
4.379464383219786896e+02
4.035287584996739838e+02
3.693825650248789429e+02
3.352025398485692449e+02
3.133828628898041302e+02
2.665976476902305308e+02
2.362654018926942854e+02
6.124280199116434460e+02
5.413320821044624154e+02
5.062835597721143017e+02
4.722848281889927193e+02
4.381294758490728327e+02
4.037377277227322452e+02
3.696795647588133988e+02
3.355892677619032156e+02
3.146392217007440308e+02
2.671783169218600165e+02
2.324824033916370638e+02
6.127069010619712799e+02
5.412353905480142657e+02
5.062907252505817723e+02
4.382861729210331987e+02
4.039884287372649965e+02
3.699968196524568498e+02
3.359554594044097939e+02
3.156657289051821635e+02
2.676554281480322288e+02
2.331884415088333071e+02
2.392415224149137316e+02
6.143240008983283360e+02
5.805654020729955391e+02
5.413170229835495775e+02
5.062972876118872136e+02
4.723451548534627022e+02
4.384390261202111105e+02
4.041932781958663554e+02
3.702885633004586907e+02
3.363155688820090745e+02
3.161374305295117892e+02
2.681723724556721891e+02
2.337697293841547150e+02
2.398648215102787731e+02
6.146773022031504752e+02
5.797991170622061645e+02
5.412907716821028998e+02
5.062827835258345317e+02
4.724268793961744564e+02
4.385639802971952008e+02
4.044592712258737492e+02
3.705784989457973779e+02
3.367016480818022046e+02
3.165607963425626394e+02
2.687355098547353691e+02
2.343784402920744299e+02
2.404778419810268417e+02
5.760377419373348857e+02
5.411864548989134391e+02
5.062882223031779745e+02
4.724991947785545676e+02
4.386870758936415768e+02
4.046454439313811235e+02
3.708710643048132169e+02
3.370716118275108215e+02
3.169851389999744242e+02
2.692779591502556400e+02
2.349947498811023081e+02
2.410724217644656449e+02
6.122376443457148980e+02
5.812889812790401720e+02
5.411557008953733430e+02
5.062682027434412362e+02
4.725694472215769792e+02
4.388278443133380620e+02
4.048514534722260692e+02
3.711480780388547487e+02
3.374297338523961685e+02
3.174046168665338996e+02
2.698286239973348302e+02
2.355805394282412522e+02
6.120418603784785319e+02
5.811846977006774750e+02
5.410832013284458526e+02
5.062795703919391030e+02
4.726304670602930287e+02
4.389818239584153616e+02
4.051186142848440568e+02
3.714268896582543107e+02
3.377595057754508616e+02
3.178254643406361879e+02
2.703179769637536083e+02
2.361610738122593887e+02
5.810582346208190074e+02
5.411219394228322699e+02
5.062980147886329405e+02
4.727040574718938615e+02
4.391324999982970780e+02
4.052895684972804702e+02
3.716993345530889883e+02
3.381106208338798069e+02
3.182682243753741318e+02
2.708582527836228451e+02
2.366980692126156214e+02
2.297247528418226352e+02
5.743954821420761618e+02
5.399665890404680795e+02
5.058764739102882118e+02
4.724235884952634024e+02
4.390275695410481944e+02
4.053632310353134471e+02
3.719763393567784533e+02
3.384468122626452100e+02
3.197789981985631584e+02
2.803979735289941004e+02
2.372839846272540569e+02
5.752664628190898384e+02
5.408863423258775356e+02
5.058811987309840674e+02
4.725077129390560344e+02
4.391456884254507713e+02
4.055656846417782049e+02
3.722180980315684451e+02
3.387719413634792431e+02
3.208814769934589322e+02
2.809514817497590684e+02
2.377992018563143404e+02
2.463552417842092268e+02
5.749835524617235478e+02
5.400525352881235222e+02
5.058973422459291669e+02
4.726274689986914836e+02
4.393333236294017752e+02
4.058209931497344769e+02
3.725144956026116461e+02
3.391068577813180127e+02
3.212971661020478678e+02
2.815253555585922527e+02
2.383291515001498340e+02
2.468804712921685791e+02
6.099485882106575900e+02
5.746741169456698799e+02
5.404477576800779843e+02
5.062705443462177755e+02
4.729390386277917173e+02
4.396911669502611062e+02
4.059888569452409115e+02
3.728057489557909889e+02
3.394267082771771129e+02
3.217958563348274197e+02
2.820244300651153253e+02
2.388082136137196017e+02
2.473896344930159898e+02
6.104211360640704243e+02
5.745200250557744539e+02
5.404626145956237906e+02
5.063073617745089905e+02
4.730250764255654872e+02
4.398090474480099488e+02
4.062514606124256034e+02
3.730202005690325677e+02
3.397375638896073156e+02
3.228510730680959000e+02
2.729113730329876262e+02
2.393165755082930559e+02
2.479084068875481250e+02
5.746420154552400845e+02
5.402402040331988928e+02
5.062528041901538813e+02
4.731431272462439210e+02
4.399552618392188492e+02
4.064594864511876153e+02
3.732994325388704056e+02
3.400713213677386193e+02
3.235490834446828785e+02
2.731005133425760505e+02
2.398497860821342442e+02
2.484313779798233952e+02
5.752014172408044033e+02
5.401633387398770765e+02
5.063189563663132162e+02
4.731809608499108322e+02
4.400644520015852663e+02
4.066290223423314387e+02
3.735014998528413344e+02
3.403755277524784333e+02
3.240790961554779415e+02
2.403031461057399270e+02
5.750988451001138628e+02
5.401315721438450055e+02
5.063121930463555032e+02
4.732466420949331791e+02
4.401803917064235634e+02
4.068357101253222368e+02
3.737766957466781719e+02
3.406725590957266263e+02
3.077326944379947804e+02
2.739003805991973195e+02
2.408082071500807899e+02
5.750008997665566994e+02
5.400628868119348454e+02
5.063264157956811005e+02
4.733180096645222648e+02
4.403402263911310683e+02
4.074534273878359727e+02
3.745597658986966962e+02
3.414771702315803736e+02
3.081926525625810882e+02
2.841915606178127405e+02
2.412379639349113063e+02
5.749496804925304332e+02
5.401407294752074222e+02
5.066379044716350109e+02
4.735767180700416361e+02
4.410191441066649531e+02
4.116282203534044015e+02
3.941138636439150673e+02
3.620904218274987443e+02
3.254776918478839320e+02
2.846178417875175910e+02
6.109604227592708412e+02
5.753613661451179269e+02
5.463405680277465990e+02
5.070530339125327828e+02
4.745249643948647531e+02
4.420878056044103346e+02
4.244499573340802385e+02
3.943243502407186725e+02
3.623669353228277714e+02
3.258022960928286693e+02
2.850197087938959726e+02
2.761678766105704881e+02
6.108644378283869401e+02
5.757940743806245791e+02
5.429716723357209958e+02
5.079920558951491785e+02
4.429514363369791567e+02
4.246716885102724746e+02
3.945446781329906116e+02
3.626410110861855287e+02
3.261472318790763438e+02
2.798575446226166150e+02
2.764041219688066349e+02
6.107402108157484690e+02
5.783813380889064319e+02
5.458684608502973106e+02
5.090825992642696747e+02
4.768517541536408544e+02
4.445814985039738190e+02
3.947640001598690560e+02
3.628961062708173131e+02
3.264511865601348859e+02
2.816567944232837704e+02
2.766558088805888929e+02
2.508128701146236779e+02
6.106365706556216537e+02
5.783035222343004307e+02
5.462388128439031334e+02
5.100517598888910129e+02
4.779569249491191272e+02
4.457885557248253008e+02
4.266732805560623660e+02
3.949731039465862068e+02
3.631579139185095642e+02
3.267528557987764657e+02
2.834017060451785710e+02
2.770314076035045332e+02
2.510681399424012739e+02
6.104941534634149320e+02
5.778164498929310184e+02
5.453291839129801701e+02
5.111047934210886865e+02
4.790714289245738087e+02
4.469549046365004870e+02
4.268952022865526033e+02
3.951710855788400636e+02
3.634069145846886499e+02
3.270425832277377367e+02
2.850894607305698401e+02
2.784659970278634660e+02
2.514887714217940413e+02
6.104044569493598829e+02
5.781455908018091350e+02
5.461761069238890514e+02
5.120325736376759096e+02
4.800794569669052407e+02
4.271268472171351505e+02
3.953780650449560312e+02
3.636501856874934901e+02
3.273473305675514098e+02
3.099370164694108780e+02
2.785560399939743093e+02
2.520433251385843505e+02
6.103162613049707943e+02
5.780669013757851644e+02
5.461571402047371748e+02
5.129957876989171837e+02
4.811853974578731368e+02
4.493807677508038410e+02
3.955594538853434869e+02
3.638937911776706642e+02
3.276679699162412476e+02
3.105808174613724759e+02
2.785240159271128846e+02
2.524592974888893764e+02
6.110082246733953752e+02
5.464851460961615430e+02
5.140164505632063765e+02
4.821928736711359420e+02
4.505653495481973891e+02
4.272642722685700960e+02
3.957372288930238255e+02
3.641396065378413596e+02
3.279778424091028342e+02
3.140620468934792484e+02
2.790076588798370949e+02
6.115136168586587928e+02
5.473623916358156976e+02
5.150652664097409570e+02
4.833438858415844948e+02
4.517845515304114770e+02
3.959587029820220891e+02
3.643572976094125124e+02
3.240830570637951951e+02
3.217666425531369896e+02
2.799163767739172499e+02
2.528118617928481910e+02
5.485893761074868280e+02
5.160144247696176762e+02
4.840765787259783792e+02
4.275943736734780032e+02
3.961380431714934502e+02
3.645910801625311706e+02
3.256839940279173788e+02
3.146858160288786053e+02
2.862846912882193919e+02
2.532715849822574228e+02
5.547810476859770006e+02
5.168049144709634675e+02
4.873477547489477502e+02
4.561144403847763442e+02
4.277369901670616628e+02
3.963182173639552843e+02
3.648144653168311038e+02
3.272689927960531122e+02
3.150748821362879539e+02
2.850584183824718707e+02
2.536831304934157174e+02
5.809768681707205360e+02
5.492228139651916763e+02
5.174694325815960383e+02
4.882516036624107301e+02
4.571010125195948604e+02
4.278714338612272172e+02
3.964942268787694957e+02
3.650226746203941275e+02
3.287466599118407089e+02
3.154091926359122340e+02
2.852274507518666269e+02
2.538769210152892413e+02
5.500835126716322065e+02
5.183900304777943120e+02
4.888130716327275422e+02
4.280052846465609946e+02
3.966742825837229134e+02
3.652414400154393661e+02
3.462826667699816880e+02
3.187453330636475357e+02
2.855753972980908202e+02
2.543954136113884488e+02
5.514995265819503629e+02
5.193544936553971638e+02
4.281356600136801944e+02
3.968349131164817436e+02
3.654278394504920584e+02
3.468879871077559756e+02
3.199171037814597867e+02
2.856341984269086538e+02
2.551848675753362841e+02
5.519933237110457185e+02
5.203263365484443739e+02
4.910516387424527807e+02
4.597519576667180559e+02
4.281680922602100736e+02
3.969008246013564190e+02
3.652753693206440744e+02
3.472103417668308225e+02
3.179688905672048236e+02
2.858434879361126946e+02
5.528404739787141580e+02
5.212880137052612781e+02
4.910254488263605026e+02
4.599390730510531284e+02
4.284022718927058690e+02
3.970317934660758397e+02
3.658941132293450664e+02
3.494891030542598855e+02
3.197784147411611002e+02
2.861671535655022467e+02
5.548244662677648193e+02
5.200641091096013042e+02
4.923348423830728393e+02
4.436742531251726405e+02
3.973717453749077890e+02
3.789149762579417597e+02
3.491589378306342155e+02
3.186419702041074515e+02
2.864686720775356434e+02
2.567152060851467468e+02
5.551845277547707838e+02
5.240137238557780393e+02
4.934100224367005580e+02
4.775060152610417390e+02
4.308145104767996258e+02
4.112332493709135974e+02
3.802020996184797355e+02
3.493873222515212547e+02
2.875041605504554809e+02
2.570220659988031571e+02
5.833520137691899663e+02
5.517925413396300200e+02
5.201517870381217108e+02
4.775981487563416863e+02
4.112440143539504902e+02
3.805684054178153133e+02
3.494891950623889443e+02
3.197988528775767350e+02
2.880856865895132159e+02
2.573387828670431645e+02
5.833396052278351362e+02
5.322752901312788936e+02
4.895820744800836906e+02
4.777036277676132272e+02
4.441366851612366418e+02
4.114445493719812248e+02
3.803346858252772904e+02
3.497528963764745527e+02
3.200463442377025558e+02
2.895191004743835492e+02
2.566292255320786353e+02
5.832862824099270256e+02
5.518417872889840510e+02
5.202502372107486508e+02
4.894654435875492595e+02
4.778578021306352070e+02
4.426657559089308052e+02
4.119919670445651150e+02
3.805143579749790206e+02
5.833381001265620398e+02
1.000000000000000000e+00
1.000000000000000000e+00
1.000000000000000000e+00
1.000000000000000000e+00
1.000000000000000000e+00
1.000000000000000000e+00
1.000000000000000000e+00
1.000000000000000000e+00
1.000000000000000000e+00
1.000000000000000000e+00
1.000000000000000000e+00
1.000000000000000000e+00
1.000000000000000000e+00
1.000000000000000000e+00
1.000000000000000000e+00
1.000000000000000000e+00
1.000000000000000000e+00
1.000000000000000000e+00
1.000000000000000000e+00
1.000000000000000000e+00
1.000000000000000000e+00
1.000000000000000000e+00
1.000000000000000000e+00
1.000000000000000000e+00
1.000000000000000000e+00
1.000000000000000000e+00
1.000000000000000000e+00
1.000000000000000000e+00
1.000000000000000000e+00
1.000000000000000000e+00
1.000000000000000000e+00
1.000000000000000000e+00
1.000000000000000000e+00
1.000000000000000000e+00
1.000000000000000000e+00
1.000000000000000000e+00
1.000000000000000000e+00
1.000000000000000000e+00
1.000000000000000000e+00
1.000000000000000000e+00
1.000000000000000000e+00
1.000000000000000000e+00
1.000000000000000000e+00
1.000000000000000000e+00
1.000000000000000000e+00
1.000000000000000000e+00
1.000000000000000000e+00
1.000000000000000000e+00
1.000000000000000000e+00
1.000000000000000000e+00
1.000000000000000000e+00
1.000000000000000000e+00
1.000000000000000000e+00
1.000000000000000000e+00
1.000000000000000000e+00
1.000000000000000000e+00
1.000000000000000000e+00
1.000000000000000000e+00
1.000000000000000000e+00
1.000000000000000000e+00
1.000000000000000000e+00
1.000000000000000000e+00
1.000000000000000000e+00
1.000000000000000000e+00
1.000000000000000000e+00
1.000000000000000000e+00
1.000000000000000000e+00
1.000000000000000000e+00
1.000000000000000000e+00
1.000000000000000000e+00
1.000000000000000000e+00
1.000000000000000000e+00
1.000000000000000000e+00
1.000000000000000000e+00
1.000000000000000000e+00
1.000000000000000000e+00
1.000000000000000000e+00
1.000000000000000000e+00
1.000000000000000000e+00
1.000000000000000000e+00
1.000000000000000000e+00
1.000000000000000000e+00
1.000000000000000000e+00
1.000000000000000000e+00
1.000000000000000000e+00
1.000000000000000000e+00
1.000000000000000000e+00
1.000000000000000000e+00
1.000000000000000000e+00
1.000000000000000000e+00
1.000000000000000000e+00
1.000000000000000000e+00
1.000000000000000000e+00
1.000000000000000000e+00
1.000000000000000000e+00
1.000000000000000000e+00
1.000000000000000000e+00
1.000000000000000000e+00
1.000000000000000000e+00
1.000000000000000000e+00
1.000000000000000000e+00
1.000000000000000000e+00
1.000000000000000000e+00
1.000000000000000000e+00
1.000000000000000000e+00
1.000000000000000000e+00
1.000000000000000000e+00
1.000000000000000000e+00
1.000000000000000000e+00
1.000000000000000000e+00
1.000000000000000000e+00
1.000000000000000000e+00
1.000000000000000000e+00
1.000000000000000000e+00
1.000000000000000000e+00
1.000000000000000000e+00
1.000000000000000000e+00
1.000000000000000000e+00
1.000000000000000000e+00
1.000000000000000000e+00
1.000000000000000000e+00
1.000000000000000000e+00
1.000000000000000000e+00
1.000000000000000000e+00
1.000000000000000000e+00
1.000000000000000000e+00
1.000000000000000000e+00
1.000000000000000000e+00
1.000000000000000000e+00
1.000000000000000000e+00
1.000000000000000000e+00
1.000000000000000000e+00
1.000000000000000000e+00
1.000000000000000000e+00
1.000000000000000000e+00
1.000000000000000000e+00
1.000000000000000000e+00
1.000000000000000000e+00
1.000000000000000000e+00
1.000000000000000000e+00
1.000000000000000000e+00
1.000000000000000000e+00
1.000000000000000000e+00
1.000000000000000000e+00
1.000000000000000000e+00
1.000000000000000000e+00
1.000000000000000000e+00
1.000000000000000000e+00
1.000000000000000000e+00
1.000000000000000000e+00
1.000000000000000000e+00
1.000000000000000000e+00
1.000000000000000000e+00
1.000000000000000000e+00
1.000000000000000000e+00
1.000000000000000000e+00
1.000000000000000000e+00
1.000000000000000000e+00
1.000000000000000000e+00
1.000000000000000000e+00
1.000000000000000000e+00
1.000000000000000000e+00
1.000000000000000000e+00
1.000000000000000000e+00
1.000000000000000000e+00
1.000000000000000000e+00
1.000000000000000000e+00
1.000000000000000000e+00
1.000000000000000000e+00
1.000000000000000000e+00
1.000000000000000000e+00
1.000000000000000000e+00
1.000000000000000000e+00
1.000000000000000000e+00
1.000000000000000000e+00
1.000000000000000000e+00
1.000000000000000000e+00
1.000000000000000000e+00
1.000000000000000000e+00
1.000000000000000000e+00
1.000000000000000000e+00
1.000000000000000000e+00
1.000000000000000000e+00
1.000000000000000000e+00
1.000000000000000000e+00
1.000000000000000000e+00
1.000000000000000000e+00
1.000000000000000000e+00
1.000000000000000000e+00
1.000000000000000000e+00
1.000000000000000000e+00
1.000000000000000000e+00
1.000000000000000000e+00
1.000000000000000000e+00
1.000000000000000000e+00
1.000000000000000000e+00
1.000000000000000000e+00
1.000000000000000000e+00
1.000000000000000000e+00
1.000000000000000000e+00
1.000000000000000000e+00
1.000000000000000000e+00
1.000000000000000000e+00
1.000000000000000000e+00
1.000000000000000000e+00
1.000000000000000000e+00
1.000000000000000000e+00
1.000000000000000000e+00
1.000000000000000000e+00
1.000000000000000000e+00
1.000000000000000000e+00
1.000000000000000000e+00
1.000000000000000000e+00
1.000000000000000000e+00
1.000000000000000000e+00
1.000000000000000000e+00
1.000000000000000000e+00
1.000000000000000000e+00
1.000000000000000000e+00
1.000000000000000000e+00
1.000000000000000000e+00
1.000000000000000000e+00
1.000000000000000000e+00
1.000000000000000000e+00
1.000000000000000000e+00
1.000000000000000000e+00
1.000000000000000000e+00
1.000000000000000000e+00
1.000000000000000000e+00
1.000000000000000000e+00
1.000000000000000000e+00
1.000000000000000000e+00
1.000000000000000000e+00
1.000000000000000000e+00
1.000000000000000000e+00
1.000000000000000000e+00
1.000000000000000000e+00
1.000000000000000000e+00
1.000000000000000000e+00
1.000000000000000000e+00
1.000000000000000000e+00
1.000000000000000000e+00
1.000000000000000000e+00
1.000000000000000000e+00
1.000000000000000000e+00
1.000000000000000000e+00
1.000000000000000000e+00
1.000000000000000000e+00
1.000000000000000000e+00
1.000000000000000000e+00
1.000000000000000000e+00
1.000000000000000000e+00
1.000000000000000000e+00
1.000000000000000000e+00
1.000000000000000000e+00
1.000000000000000000e+00
1.000000000000000000e+00
1.000000000000000000e+00
1.000000000000000000e+00
1.000000000000000000e+00
1.000000000000000000e+00
1.000000000000000000e+00
1.000000000000000000e+00
1.000000000000000000e+00
1.000000000000000000e+00
1.000000000000000000e+00
1.000000000000000000e+00
1.000000000000000000e+00
1.000000000000000000e+00
1.000000000000000000e+00
1.000000000000000000e+00
1.000000000000000000e+00
1.000000000000000000e+00
1.000000000000000000e+00
1.000000000000000000e+00
1.000000000000000000e+00
1.000000000000000000e+00
1.000000000000000000e+00
1.000000000000000000e+00
1.000000000000000000e+00
1.000000000000000000e+00
1.000000000000000000e+00
1.000000000000000000e+00
1.000000000000000000e+00
1.000000000000000000e+00
1.000000000000000000e+00
1.000000000000000000e+00
1.000000000000000000e+00
1.000000000000000000e+00
1.000000000000000000e+00
1.000000000000000000e+00
1.000000000000000000e+00
1.000000000000000000e+00
1.000000000000000000e+00
1.000000000000000000e+00
1.000000000000000000e+00
1.000000000000000000e+00
1.000000000000000000e+00
1.000000000000000000e+00
1.000000000000000000e+00
1.000000000000000000e+00
1.000000000000000000e+00
1.000000000000000000e+00
1.000000000000000000e+00
1.000000000000000000e+00
1.000000000000000000e+00
1.000000000000000000e+00
1.000000000000000000e+00
1.000000000000000000e+00
1.000000000000000000e+00
1.000000000000000000e+00
1.000000000000000000e+00
1.000000000000000000e+00
1.000000000000000000e+00
1.000000000000000000e+00
1.000000000000000000e+00
1.000000000000000000e+00
1.000000000000000000e+00
1.000000000000000000e+00
1.000000000000000000e+00
1.000000000000000000e+00
1.000000000000000000e+00
1.000000000000000000e+00
1.000000000000000000e+00
1.000000000000000000e+00
1.000000000000000000e+00
1.000000000000000000e+00
1.000000000000000000e+00
1.000000000000000000e+00
1.000000000000000000e+00
1.000000000000000000e+00
1.000000000000000000e+00
1.000000000000000000e+00
1.000000000000000000e+00
1.000000000000000000e+00
1.000000000000000000e+00
1.000000000000000000e+00
1.000000000000000000e+00
1.000000000000000000e+00
1.000000000000000000e+00
1.000000000000000000e+00
1.000000000000000000e+00
1.000000000000000000e+00
1.000000000000000000e+00
1.000000000000000000e+00
1.000000000000000000e+00
1.000000000000000000e+00
1.000000000000000000e+00
1.000000000000000000e+00
1.000000000000000000e+00
1.000000000000000000e+00
1.000000000000000000e+00
1.000000000000000000e+00
1.000000000000000000e+00
1.000000000000000000e+00
1.000000000000000000e+00
1.000000000000000000e+00
1.000000000000000000e+00
1.000000000000000000e+00
1.000000000000000000e+00
1.000000000000000000e+00
1.000000000000000000e+00
1.000000000000000000e+00
1.000000000000000000e+00
1.000000000000000000e+00
1.000000000000000000e+00
1.000000000000000000e+00
1.000000000000000000e+00
1.000000000000000000e+00
1.000000000000000000e+00
1.000000000000000000e+00
1.000000000000000000e+00
1.000000000000000000e+00
1.000000000000000000e+00
1.000000000000000000e+00
1.000000000000000000e+00
1.000000000000000000e+00
1.000000000000000000e+00
1.000000000000000000e+00
1.000000000000000000e+00
1.000000000000000000e+00
1.000000000000000000e+00
1.000000000000000000e+00
1.000000000000000000e+00
1.000000000000000000e+00
1.000000000000000000e+00
1.000000000000000000e+00
1.000000000000000000e+00
1.000000000000000000e+00
1.000000000000000000e+00
1.000000000000000000e+00
1.000000000000000000e+00
1.000000000000000000e+00
1.000000000000000000e+00
1.000000000000000000e+00
1.000000000000000000e+00
1.000000000000000000e+00
1.000000000000000000e+00
1.000000000000000000e+00
1.000000000000000000e+00
1.000000000000000000e+00
1.000000000000000000e+00
1.000000000000000000e+00
1.000000000000000000e+00
1.000000000000000000e+00
1.000000000000000000e+00
1.000000000000000000e+00
1.000000000000000000e+00
1.000000000000000000e+00
1.000000000000000000e+00
1.000000000000000000e+00
1.000000000000000000e+00
1.000000000000000000e+00
1.000000000000000000e+00
1.000000000000000000e+00
1.000000000000000000e+00
1.000000000000000000e+00
1.000000000000000000e+00
1.000000000000000000e+00
1.000000000000000000e+00
1.000000000000000000e+00
1.000000000000000000e+00
1.000000000000000000e+00
1.000000000000000000e+00
1.000000000000000000e+00
1.000000000000000000e+00
1.000000000000000000e+00
1.000000000000000000e+00
1.000000000000000000e+00
1.000000000000000000e+00
1.000000000000000000e+00
1.000000000000000000e+00
1.000000000000000000e+00
1.000000000000000000e+00
1.000000000000000000e+00
1.000000000000000000e+00
1.000000000000000000e+00
1.000000000000000000e+00
1.000000000000000000e+00
1.000000000000000000e+00
1.000000000000000000e+00
1.000000000000000000e+00
1.000000000000000000e+00
1.000000000000000000e+00
1.000000000000000000e+00
1.000000000000000000e+00
1.000000000000000000e+00
1.000000000000000000e+00
1.000000000000000000e+00
1.000000000000000000e+00
1.000000000000000000e+00
1.000000000000000000e+00
1.000000000000000000e+00
1.000000000000000000e+00
1.000000000000000000e+00
1.000000000000000000e+00
1.000000000000000000e+00
1.000000000000000000e+00
1.000000000000000000e+00
1.000000000000000000e+00
1.000000000000000000e+00
1.000000000000000000e+00
1.000000000000000000e+00
1.000000000000000000e+00
1.000000000000000000e+00
1.000000000000000000e+00
1.000000000000000000e+00
1.000000000000000000e+00
1.000000000000000000e+00
1.000000000000000000e+00
1.000000000000000000e+00
1.000000000000000000e+00
1.000000000000000000e+00
1.000000000000000000e+00
1.000000000000000000e+00
1.000000000000000000e+00
1.000000000000000000e+00
1.000000000000000000e+00
1.000000000000000000e+00
1.000000000000000000e+00
1.000000000000000000e+00
1.000000000000000000e+00
1.000000000000000000e+00
1.000000000000000000e+00
1.000000000000000000e+00
1.000000000000000000e+00
1.000000000000000000e+00
1.000000000000000000e+00
1.000000000000000000e+00
1.000000000000000000e+00
1.000000000000000000e+00
1.000000000000000000e+00
1.000000000000000000e+00
1.000000000000000000e+00
1.000000000000000000e+00
1.000000000000000000e+00
1.000000000000000000e+00
1.000000000000000000e+00
1.000000000000000000e+00
1.000000000000000000e+00
1.000000000000000000e+00
1.000000000000000000e+00
1.000000000000000000e+00
1.000000000000000000e+00
1.000000000000000000e+00
1.000000000000000000e+00
1.000000000000000000e+00
1.000000000000000000e+00
1.000000000000000000e+00
1.000000000000000000e+00
1.000000000000000000e+00
1.000000000000000000e+00
1.000000000000000000e+00
1.000000000000000000e+00
1.000000000000000000e+00
1.000000000000000000e+00
1.000000000000000000e+00
1.000000000000000000e+00
1.000000000000000000e+00
1.000000000000000000e+00
1.000000000000000000e+00
1.000000000000000000e+00
1.000000000000000000e+00
1.000000000000000000e+00
1.000000000000000000e+00
1.000000000000000000e+00
1.000000000000000000e+00
1.000000000000000000e+00
1.000000000000000000e+00
1.000000000000000000e+00
1.000000000000000000e+00
1.000000000000000000e+00
1.000000000000000000e+00
1.000000000000000000e+00
1.000000000000000000e+00
1.000000000000000000e+00
1.000000000000000000e+00
1.000000000000000000e+00
1.000000000000000000e+00
1.000000000000000000e+00
1.000000000000000000e+00
1.000000000000000000e+00
1.000000000000000000e+00
1.000000000000000000e+00
1.000000000000000000e+00
1.000000000000000000e+00
1.000000000000000000e+00
1.000000000000000000e+00
1.000000000000000000e+00
1.000000000000000000e+00
1.000000000000000000e+00
1.000000000000000000e+00
1.000000000000000000e+00
1.000000000000000000e+00
1.000000000000000000e+00
1.000000000000000000e+00
1.000000000000000000e+00
1.000000000000000000e+00
1.000000000000000000e+00
1.000000000000000000e+00
1.000000000000000000e+00
1.000000000000000000e+00
1.000000000000000000e+00
1.000000000000000000e+00
1.000000000000000000e+00
1.000000000000000000e+00
1.000000000000000000e+00
1.000000000000000000e+00
1.000000000000000000e+00
1.000000000000000000e+00
1.000000000000000000e+00
1.000000000000000000e+00
1.000000000000000000e+00
1.000000000000000000e+00
1.000000000000000000e+00
1.000000000000000000e+00
1.000000000000000000e+00
1.000000000000000000e+00
1.000000000000000000e+00
1.000000000000000000e+00
1.000000000000000000e+00
1.000000000000000000e+00
1.000000000000000000e+00
1.000000000000000000e+00
1.000000000000000000e+00
1.000000000000000000e+00
1.000000000000000000e+00
1.000000000000000000e+00
1.000000000000000000e+00
1.000000000000000000e+00
1.000000000000000000e+00
1.000000000000000000e+00
1.000000000000000000e+00
1.000000000000000000e+00
1.000000000000000000e+00
1.000000000000000000e+00
1.000000000000000000e+00
1.000000000000000000e+00
1.000000000000000000e+00
1.000000000000000000e+00
1.000000000000000000e+00
1.000000000000000000e+00
1.000000000000000000e+00
1.000000000000000000e+00
1.000000000000000000e+00
1.000000000000000000e+00
1.000000000000000000e+00
1.000000000000000000e+00
1.000000000000000000e+00
1.000000000000000000e+00
1.000000000000000000e+00
1.000000000000000000e+00
1.000000000000000000e+00
1.000000000000000000e+00
1.000000000000000000e+00
1.000000000000000000e+00
1.000000000000000000e+00
1.000000000000000000e+00
1.000000000000000000e+00
1.000000000000000000e+00
1.000000000000000000e+00
1.000000000000000000e+00
1.000000000000000000e+00
1.000000000000000000e+00
1.000000000000000000e+00
1.000000000000000000e+00
1.000000000000000000e+00
1.000000000000000000e+00
1.000000000000000000e+00
1.000000000000000000e+00
1.000000000000000000e+00
1.000000000000000000e+00
1.000000000000000000e+00
1.000000000000000000e+00
1.000000000000000000e+00
1.000000000000000000e+00
1.000000000000000000e+00
1.000000000000000000e+00
1.000000000000000000e+00
1.000000000000000000e+00
1.000000000000000000e+00
1.000000000000000000e+00
1.000000000000000000e+00
1.000000000000000000e+00
1.000000000000000000e+00
1.000000000000000000e+00
1.000000000000000000e+00
1.000000000000000000e+00
1.000000000000000000e+00
1.000000000000000000e+00
1.000000000000000000e+00
1.000000000000000000e+00
1.000000000000000000e+00
1.000000000000000000e+00
1.000000000000000000e+00
1.000000000000000000e+00
1.000000000000000000e+00
1.000000000000000000e+00
1.000000000000000000e+00
1.000000000000000000e+00
1.000000000000000000e+00
1.000000000000000000e+00
1.000000000000000000e+00
1.000000000000000000e+00
1.000000000000000000e+00
1.000000000000000000e+00
1.000000000000000000e+00
1.000000000000000000e+00
1.000000000000000000e+00
1.000000000000000000e+00
1.000000000000000000e+00
1.000000000000000000e+00
1.000000000000000000e+00
1.000000000000000000e+00
1.000000000000000000e+00
1.000000000000000000e+00
1.000000000000000000e+00
1.000000000000000000e+00
1.000000000000000000e+00
1.000000000000000000e+00
1.000000000000000000e+00
1.000000000000000000e+00
1.000000000000000000e+00
1.000000000000000000e+00
1.000000000000000000e+00
1.000000000000000000e+00
1.000000000000000000e+00
1.000000000000000000e+00
1.000000000000000000e+00
1.000000000000000000e+00
1.000000000000000000e+00
1.000000000000000000e+00
1.000000000000000000e+00
1.000000000000000000e+00
1.000000000000000000e+00
1.000000000000000000e+00
1.000000000000000000e+00
1.000000000000000000e+00
1.000000000000000000e+00
1.000000000000000000e+00
1.000000000000000000e+00
1.000000000000000000e+00
1.000000000000000000e+00
1.000000000000000000e+00
1.000000000000000000e+00
1.000000000000000000e+00
1.000000000000000000e+00
1.000000000000000000e+00
1.000000000000000000e+00
1.000000000000000000e+00
1.000000000000000000e+00
1.000000000000000000e+00
1.000000000000000000e+00
1.000000000000000000e+00
1.000000000000000000e+00
1.000000000000000000e+00
1.000000000000000000e+00
1.000000000000000000e+00
1.000000000000000000e+00
1.000000000000000000e+00
1.000000000000000000e+00
1.000000000000000000e+00
2.856742095947265625e+01
2.854989624023437500e+01
2.855973052978515625e+01
2.175515174865722656e+01
2.175645065307617188e+01
2.060845375061035156e+01
2.067656898498535156e+01
2.932827377319335938e+01
2.890931129455566406e+01
2.891173934936523438e+01
2.203394317626953125e+01
1.812355995178222656e+01
2.119501113891601562e+01
2.067875671386718750e+01
2.082199096679687500e+01
2.953828239440917969e+01
2.929386901855468750e+01
2.929241371154785156e+01
1.408227443695068359e+01
1.819547080993652344e+01
2.131315422058105469e+01
2.079027938842773438e+01
2.080802154541015625e+01
2.972014617919921875e+01
2.966352653503417969e+01
2.965285682678222656e+01
1.044514942169189453e+01
1.175247573852539062e+01
1.414376258850097656e+01
1.829324913024902344e+01
2.157187843322753906e+01
2.099653244018554688e+01
2.085269927978515625e+01
3.005266380310058594e+01
3.006130409240722656e+01
2.489751052856445312e+01
1.179468631744384766e+01
1.421049594879150391e+01
1.837280082702636719e+01
2.175317382812500000e+01
2.122177314758300781e+01
2.165470695495605469e+01
3.049081993103027344e+01
3.044492149353027344e+01
3.044907760620117188e+01
2.631299972534179688e+01
2.530208969116210938e+01
2.509856033325195312e+01
2.488380241394042969e+01
1.186523914337158203e+01
1.427503490447998047e+01
1.844680213928222656e+01
2.206367111206054688e+01
2.173170661926269531e+01
2.152701950073242188e+01
3.087133979797363281e+01
3.083971786499023438e+01
2.554064750671386719e+01
2.532991409301757812e+01
2.509078598022460938e+01
2.488501739501953125e+01
1.193255615234375000e+01
1.420165634155273438e+01
2.158352279663085938e+01
2.223465538024902344e+01
2.248109054565429688e+01
2.592878532409667969e+01
2.571038627624511719e+01
2.552544021606445312e+01
2.532481193542480469e+01
2.509036254882812500e+01
2.487713050842285156e+01
1.200667285919189453e+01
1.436579322814941406e+01
1.845111465454101562e+01
2.192448234558105469e+01
2.276777076721191406e+01
2.293519973754882812e+01
2.612078857421875000e+01
2.592753410339355469e+01
2.570315551757812500e+01
2.551244354248046875e+01
2.528667449951171875e+01
2.508697128295898438e+01
2.487848854064941406e+01
1.206635379791259766e+01
1.442192649841308594e+01
1.844817924499511719e+01
2.167544746398925781e+01
2.285403060913085938e+01
2.635815620422363281e+01
2.612949180603027344e+01
2.592143821716308594e+01
2.569993972778320312e+01
2.551928520202636719e+01
2.507324600219726562e+01
2.486625862121582031e+01
1.210984516143798828e+01
1.446295642852783203e+01
1.006604766845703125e+01
1.001540374755859375e+01
1.009976673126220703e+01
2.507292938232421875e+01
1.208112049102783203e+01
1.453062248229980469e+01
1.008271217346191406e+01
1.001157569885253906e+01
2.566832542419433594e+01
2.547605514526367188e+01
1.008500385284423828e+01
2.513825225830078125e+01
1.211995887756347656e+01
1.457828712463378906e+01
1.009614181518554688e+01
1.002781677246093750e+01
1.002418708801269531e+01
1.001390171051025391e+01
9.985157966613769531e+00
1.001254653930664062e+01
2.566980934143066406e+01
2.553442955017089844e+01
1.008921051025390625e+01
2.543952941894531250e+01
2.546417236328125000e+01
1.217101383209228516e+01
1.461997413635253906e+01
1.011093044281005859e+01
1.002240085601806641e+01
1.002596855163574219e+01
1.001741886138916016e+01
9.977771759033203125e+00
1.000875282287597656e+01
2.583564376831054688e+01
2.585025787353515625e+01
1.008049964904785156e+01
2.580562210083007812e+01
2.581320953369140625e+01
1.231136322021484375e+01
1.462527084350585938e+01
1.011078834533691406e+01
1.002738952636718750e+01
1.002374267578125000e+01
1.001329517364501953e+01
9.996929168701171875e+00
1.001356315612792969e+01
2.622458267211914062e+01
2.622605133056640625e+01
1.008190250396728516e+01
2.616689872741699219e+01
2.619838905334472656e+01
1.248077392578125000e+01
1.473751640319824219e+01
1.012273693084716797e+01
9.914218902587890625e+00
9.947420120239257812e+00
9.966785430908203125e+00
9.986601829528808594e+00
1.001697444915771484e+01
1.002501392364501953e+01
2.658817100524902344e+01
1.007279300689697266e+01
2.653299713134765625e+01
2.651475906372070312e+01
1.266044330596923828e+01
1.480491256713867188e+01
1.011884021759033203e+01
9.927781105041503906e+00
9.947534561157226562e+00
9.974997520446777344e+00
9.985713958740234375e+00
1.001889610290527344e+01
2.695137214660644531e+01
1.009482955932617188e+01
2.927791213989257812e+01
1.487364292144775391e+01
1.007175064086914062e+01
9.952850341796875000e+00
1.000355243682861328e+01
1.002557754516601562e+01
1.001266384124755859e+01
1.002760696411132812e+01
2.899175262451171875e+01
1.008206462860107422e+01
2.926282119750976562e+01
2.942279052734375000e+01
1.306212806701660156e+01
1.099183177947998047e+01
1.003764533996582031e+01
1.003373813629150391e+01
1.002839565277099609e+01
1.001902008056640625e+01
1.002684783935546875e+01
1.003859806060791016e+01
1.194220066070556641e+01
1.009781837463378906e+01
2.925895500183105469e+01
2.940148925781250000e+01
1.326724624633789062e+01
1.039883518218994141e+01
1.007932186126708984e+01
1.003646564483642578e+01
1.004341793060302734e+01
1.003448200225830078e+01
1.002507305145263672e+01
1.002910327911376953e+01
1.004087448120117188e+01
1.216098022460937500e+01
1.010758304595947266e+01
2.923560523986816406e+01
2.939856910705566406e+01
1.025828075408935547e+01
1.913874244689941406e+01
1.004572105407714844e+01
1.004990005493164062e+01
1.004181003570556641e+01
1.002136135101318359e+01
1.003351402282714844e+01
1.004541015625000000e+01
1.238021564483642578e+01
1.011046028137207031e+01
2.923113822937011719e+01
2.936704444885253906e+01
1.035762500762939453e+01
1.011702919006347656e+01
1.004626083374023438e+01
1.005311775207519531e+01
1.004580688476562500e+01
1.002531623840332031e+01
1.002935695648193359e+01
1.004678821563720703e+01
1.261203193664550781e+01
1.009556865692138672e+01
2.920842933654785156e+01
2.938531494140625000e+01
1.064977359771728516e+01
1.017527198791503906e+01
1.004541778564453125e+01
1.005047893524169922e+01
1.003751277923583984e+01
1.002982521057128906e+01
1.003014087677001953e+01
1.004209041595458984e+01
1.283774089813232422e+01
1.011122608184814453e+01
2.932862281799316406e+01
2.942378807067871094e+01
1.234351158142089844e+01
1.090233898162841797e+01
1.025366020202636719e+01
1.005146884918212891e+01
1.004725551605224609e+01
1.004534339904785156e+01
1.002825260162353516e+01
1.000834941864013672e+01
1.002957344055175781e+01
1.287054920196533203e+01
1.010077095031738281e+01
2.974856567382812500e+01
2.980792427062988281e+01
1.233452033996582031e+01
1.080115032196044922e+01
1.029497623443603516e+01
1.005335235595703125e+01
1.004708957672119141e+01
1.003186607360839844e+01
1.004340171813964844e+01
1.005151844024658203e+01
1.308572864532470703e+01
1.014500904083251953e+01
1.013325023651123047e+01
3.029137420654296875e+01
1.232489299774169922e+01
1.099766826629638672e+01
1.024877452850341797e+01
1.005660533905029297e+01
1.004464054107666016e+01
1.003869247436523438e+01
1.004355907440185547e+01
1.005543804168701172e+01
1.334758663177490234e+01
1.014911174774169922e+01
3.069307708740234375e+01
1.120362281799316406e+01
1.023985099792480469e+01
1.005453872680664062e+01
1.007887363433837891e+01
1.005368995666503906e+01
1.003464508056640625e+01
1.004133796691894531e+01
1.005515670776367188e+01
1.362575531005859375e+01
1.015471458435058594e+01
1.013188266754150391e+01
1.143311023712158203e+01
1.023896789550781250e+01
1.006057167053222656e+01
1.005787944793701172e+01
1.004231643676757812e+01
1.004831981658935547e+01
1.005658817291259766e+01
1.383860111236572266e+01
1.014893436431884766e+01
1.015392494201660156e+01
3.356031799316406250e+01
1.232275295257568359e+01
1.235176944732666016e+01
1.029171466827392578e+01
1.006617736816406250e+01
1.006247329711914062e+01
1.006152629852294922e+01
1.004031753540039062e+01
1.004702663421630859e+01
1.005347061157226562e+01
1.385412216186523438e+01
1.014612960815429688e+01
1.014918422698974609e+01
3.355228805541992188e+01
1.263746261596679688e+01
1.206881523132324219e+01
1.031114864349365234e+01
1.006574535369873047e+01
1.006753253936767578e+01
1.005787563323974609e+01
1.005287075042724609e+01
1.004824924468994141e+01
1.006144905090332031e+01
1.385425376892089844e+01
1.015691947937011719e+01
1.015743923187255859e+01
3.354472351074218750e+01
1.062424182891845703e+01
1.030446338653564453e+01
1.007049465179443359e+01
1.007032680511474609e+01
1.005617332458496094e+01
1.004805564880371094e+01
1.005097389221191406e+01
1.006294918060302734e+01
1.385747909545898438e+01
1.016545677185058594e+01
1.016289997100830078e+01
3.352445983886718750e+01
1.164582538604736328e+01
1.294707012176513672e+01
1.032126617431640625e+01
1.006791973114013672e+01
1.007269382476806641e+01
1.005721855163574219e+01
1.004712867736816406e+01
1.005133152008056641e+01
1.006527423858642578e+01
1.385724067687988281e+01
1.017728614807128906e+01
1.016736316680908203e+01
1.165683841705322266e+01
1.297012233734130859e+01
1.032384490966796875e+01
1.007365322113037109e+01
1.007266998291015625e+01
1.006279754638671875e+01
1.006213378906250000e+01
1.005308532714843750e+01
1.006324195861816406e+01
1.386480998992919922e+01
1.017928314208984375e+01
1.017312622070312500e+01
1.297952556610107422e+01
1.035984420776367188e+01
1.008070182800292969e+01
1.007600879669189453e+01
1.006797027587890625e+01
1.005597400665283203e+01
1.005441188812255859e+01
1.006654834747314453e+01
1.388312053680419922e+01
1.019225692749023438e+01
1.017282867431640625e+01
1.926609039306640625e+01
1.026905441284179688e+01
1.003455734252929688e+01
9.968238830566406250e+00
9.988667488098144531e+00
1.001210594177246094e+01
1.002842903137207031e+01
1.005597591400146484e+01
1.006616973876953125e+01
1.431405925750732422e+01
1.228100681304931641e+01
1.018027496337890625e+01
1.061223030090332031e+01
1.033304214477539062e+01
9.971181869506835938e+00
9.994795799255371094e+00
1.000933456420898438e+01
1.002950572967529297e+01
1.005261135101318359e+01
1.006663894653320312e+01
1.460141086578369141e+01
1.231033992767333984e+01
1.017922687530517578e+01
3.875444412231445312e+01
1.056053829193115234e+01
1.010231018066406250e+01
9.976856231689453125e+00
1.000992202758789062e+01
1.002448272705078125e+01
1.004457378387451172e+01
1.006202888488769531e+01
1.007039070129394531e+01
1.461948585510253906e+01
1.234850311279296875e+01
1.018319606781005859e+01
3.872201538085937500e+01
1.118694114685058594e+01
1.049860858917236328e+01
1.024088096618652344e+01
1.007914733886718750e+01
1.007417392730712891e+01
1.008116436004638672e+01
1.004041671752929688e+01
1.007116508483886719e+01
1.007197570800781250e+01
1.467494392395019531e+01
1.236754322052001953e+01
1.017930316925048828e+01
3.867474746704101562e+01
1.147280025482177734e+01
1.048925781250000000e+01
1.026531982421875000e+01
1.008980178833007812e+01
1.008107376098632812e+01
1.008037853240966797e+01
1.005854129791259766e+01
1.006462955474853516e+01
1.007301712036132812e+01
1.497130966186523438e+01
1.015641880035400391e+01
1.018252086639404297e+01
3.867842483520507812e+01
1.057526588439941406e+01
1.021688270568847656e+01
1.007540416717529297e+01
1.009573745727539062e+01
1.008686637878417969e+01
1.006486701965332031e+01
1.007152175903320312e+01
1.007804870605468750e+01
1.512343025207519531e+01
1.011026096343994141e+01
1.018962001800537109e+01
3.871832656860351562e+01
1.081691551208496094e+01
1.021232986450195312e+01
1.009340763092041016e+01
1.009036159515380859e+01
1.008380317687988281e+01
1.006185436248779297e+01
1.006410026550292969e+01
1.008010005950927734e+01
1.520185279846191406e+01
1.018628787994384766e+01
1.082211017608642578e+01
1.022016048431396484e+01
1.009145927429199219e+01
1.009216880798339844e+01
1.008370780944824219e+01
1.006922340393066406e+01
1.007345485687255859e+01
1.008174514770507812e+01
1.019301891326904297e+01
1.010669326782226562e+01
1.019398021697998047e+01
1.082666969299316406e+01
1.021605110168457031e+01
1.009473228454589844e+01
1.009543800354003906e+01
1.009458827972412109e+01
1.017235660552978516e+01
1.019559478759765625e+01
1.019047451019287109e+01
1.021736240386962891e+01
1.240266323089599609e+01
1.018977260589599609e+01
1.084875011444091797e+01
1.025573253631591797e+01
1.018036460876464844e+01
1.014694976806640625e+01
1.023412609100341797e+01
1.120321464538574219e+01
1.763651657104492188e+01
1.762327003479003906e+01
1.538650226593017578e+01
1.241181278228759766e+01
1.221365737915039062e+01
1.104073047637939453e+01
1.258695507049560547e+01
1.029664134979248047e+01
1.038465976715087891e+01
1.047841835021972656e+01
1.648212814331054688e+01
1.763552474975585938e+01
1.763669013977050781e+01
1.538964653015136719e+01
1.241974353790283203e+01
2.648334312438964844e+01
1.223971366882324219e+01
1.124634361267089844e+01
1.123063945770263672e+01
1.057114505767822266e+01
1.067986679077148438e+01
1.651808547973632812e+01
1.764352416992187500e+01
1.764167785644531250e+01
1.540067386627197266e+01
1.101410102844238281e+01
2.626341247558593750e+01
1.225562763214111328e+01
1.241007041931152344e+01
1.241582202911376953e+01
1.090828990936279297e+01
1.102600574493408203e+01
1.111046028137207031e+01
1.764961624145507812e+01
1.764305305480957031e+01
1.540056514739990234e+01
1.134745502471923828e+01
2.609030151367187500e+01
3.651855087280273438e+01
1.227314567565917969e+01
1.241634368896484375e+01
1.260168266296386719e+01
1.122630119323730469e+01
1.135933685302734375e+01
1.144586467742919922e+01
1.763257980346679688e+01
1.765927505493164062e+01
1.765156936645507812e+01
1.540189361572265625e+01
1.169246006011962891e+01
2.607866096496582031e+01
3.613054656982421875e+01
1.227166366577148438e+01
1.222999286651611328e+01
1.221522331237792969e+01
1.159317493438720703e+01
1.171556472778320312e+01
1.178816604614257812e+01
1.768313598632812500e+01
1.765625762939453125e+01
1.765054130554199219e+01
1.540064716339111328e+01
1.204092216491699219e+01
2.740814971923828125e+01
3.613440322875976562e+01
1.229516410827636719e+01
1.242508411407470703e+01
1.260889625549316406e+01
1.193598937988281250e+01
1.205630016326904297e+01
1.773968887329101562e+01
1.766545104980468750e+01
1.765375900268554688e+01
1.540528488159179688e+01
2.667444419860839844e+01
2.704230117797851562e+01
3.643360519409179688e+01
1.231584548950195312e+01
1.242650699615478516e+01
1.261630821228027344e+01
1.231369590759277344e+01
1.245576000213623047e+01
1.257401466369628906e+01
1.766023826599121094e+01
1.766022109985351562e+01
1.542412471771240234e+01
2.711457824707031250e+01
2.654154968261718750e+01
3.646972656250000000e+01
1.274449825286865234e+01
1.278470230102539062e+01
1.274058532714843750e+01
1.284094142913818359e+01
1.299777126312255859e+01
1.763341903686523438e+01
1.765124511718750000e+01
1.766677856445312500e+01
1.544055747985839844e+01
3.226372146606445312e+01
2.669532394409179688e+01
1.309486579895019531e+01
1.322790908813476562e+01
1.321103572845458984e+01
1.331576538085937500e+01
1.346556663513183594e+01
1.767779541015625000e+01
1.766725921630859375e+01
1.372189712524414062e+01
5.811250686645507812e+01
2.744707107543945312e+01
3.554292678833007812e+01
1.389288330078125000e+01
1.366660022735595703e+01
1.362724685668945312e+01
1.767039299011230469e+01
1.767840957641601562e+01
1.767245101928710938e+01
1.423087024688720703e+01
3.232250213623046875e+01
3.892075347900390625e+01
3.573200988769531250e+01
1.850208091735839844e+01
1.406865024566650391e+01
1.533133697509765625e+01
1.553666687011718750e+01
1.767287826538085938e+01
1.768216896057128906e+01
1.767823219299316406e+01
1.477226066589355469e+01
3.252314376831054688e+01
3.513972854614257812e+01
3.581533432006835938e+01
1.421321010589599609e+01
1.428419208526611328e+01
1.442362022399902344e+01
1.585447692871093750e+01
1.606995010375976562e+01
1.767412948608398438e+01
1.768536758422851562e+01
1.767743492126464844e+01
1.531387710571289062e+01
3.263159942626953125e+01
3.481865692138671875e+01
3.546739196777343750e+01
1.482280349731445312e+01
1.494937133789062500e+01
1.618276786804199219e+01
1.767664146423339844e+01
1.769045829772949219e+01
1.768250083923339844e+01
3.170495223999023438e+01
4.008833694458007812e+01
3.488500595092773438e+01
3.584636688232421875e+01
1.579155349731445312e+01
1.554235076904296875e+01
1.767845535278320312e+01
1.768829536437988281e+01
1.767772483825683594e+01
3.245738220214843750e+01
4.300996398925781250e+01
3.438619613647460938e+01
3.687364578247070312e+01
1.616664886474609375e+01
1.618920135498046875e+01
1.773275947570800781e+01
1.768728446960449219e+01
1.761278343200683594e+01
1.762471961975097656e+01
1.745405960083007812e+01
3.265864944458007812e+01
3.653705978393554688e+01
3.419277954101562500e+01
1.684350013732910156e+01
1.688244438171386719e+01
1.766853713989257812e+01
1.775925827026367188e+01
1.768859481811523438e+01
1.760739898681640625e+01
1.772514343261718750e+01
3.758376312255859375e+01
4.088627624511718750e+01
3.427319335937500000e+01
1.865029907226562500e+01
1.597667789459228516e+01
1.872037887573242188e+01
4.510800552368164062e+01
1.772967529296875000e+01
3.321160888671875000e+01
3.614155578613281250e+01
3.696508789062500000e+01
3.430855560302734375e+01
3.825046920776367188e+01
1.902890205383300781e+01
1.923157501220703125e+01
1.967462730407714844e+01
6.831757354736328125e+01
1.937846755981445312e+01
3.722941970825195312e+01
3.594239044189453125e+01
3.619440841674804688e+01
3.602101135253906250e+01
3.826816177368164062e+01
1.614825820922851562e+01
1.605168342590332031e+01
1.600633430480957031e+01
6.845203399658203125e+01
3.685153961181640625e+01
3.647703552246093750e+01
3.595429611206054688e+01
3.882924652099609375e+01
3.679977035522460938e+01
3.835535812377929688e+01
1.616913032531738281e+01
3.350790405273437500e+01
1.644252204895019531e+01
6.869496917724609375e+01
4.567229080200195312e+01
3.701828765869140625e+01
3.538545989990234375e+01
3.609320068359375000e+01
3.887338256835937500e+01
3.986164093017578125e+01
3.596468353271484375e+01
1.615350532531738281e+01
1.609592819213867188e+01
1.603906631469726562e+01
1.632605552673339844e+01
6.954075622558593750e+01
3.924635696411132812e+01
3.827472305297851562e+01
3.542615509033203125e+01
1.622038841247558594e+01
